sample_data/COD0OPSFIN_20240350000_01D_01H_GIM.INX
     1.0            IONOSPHERE MAPS     GNSS                IONEX VERSION / TYPE
ADDNEQ2 V5.5        AIUB                08-FEB-24 21:12     PGM / RUN BY / DATE 
CODE'S GLOBAL IONOSPHERE MAPS FOR DAY 035, 2024             COMMENT             
Global ionosphere maps (GIM) are generated on a daily basis DESCRIPTION         
at CODE using data from about 300 GNSS sites of the IGS and DESCRIPTION         
other institutions. The vertical total electron content     DESCRIPTION         
(VTEC) is modeled in a solar-geomagnetic reference frame    DESCRIPTION         
using a spherical harmonics expansion up to degree and      DESCRIPTION         
order 15. Piece-wise linear functions are used for          DESCRIPTION         
representation in the time domain. The time spacing of      DESCRIPTION         
their vertices is 1 hour, conforming with the epochs of the DESCRIPTION         
VTEC maps.                                                  DESCRIPTION         
To convert line-of-sight TEC into vertical TEC, a modified  DESCRIPTION         
single-layer model mapping function approximating the JPL   DESCRIPTION         
extended slab model mapping function is adopted. The        DESCRIPTION         
mapping function is evaluated at geodetic satellite         DESCRIPTION         
elevation angles. For the computation of the ionospheric    DESCRIPTION         
pierce points, a spherical layer with a radius of 6821 km   DESCRIPTION         
is assumed, implying geocentric, not geodetic IONEX         DESCRIPTION         
latitudes.                                                  DESCRIPTION         
Instrumental biases with respect to each involved GNSS code DESCRIPTION         
observable are estimated as constant values for each        DESCRIPTION         
day. They are modeled with one set of bias parameters for   DESCRIPTION         
each satellite and each station in case of GPS and for each DESCRIPTION         
satellite-station link in case of GLONASS. The code bias    DESCRIPTION         
datum is defined by zero-mean conditions imposed on the     DESCRIPTION         
satellite bias estimates. In this file, just GPS C1W-C2W    DESCRIPTION         
satellite and station bias values are included. The         DESCRIPTION         
complete set of GNSS code bias results is provided in an    DESCRIPTION         
additional Bias-SINEX file as pseudo-absolute values        DESCRIPTION         
specific to each observable.                                DESCRIPTION         
Note: These GIM results correspond to the results for the   DESCRIPTION         
middle day of a 3-day combination analysis solving for 73   DESCRIPTION         
times 256, or 18688 VTEC parameters and 3 daily sets of     DESCRIPTION         
GNSS code bias parameters.                                  DESCRIPTION         
Contact address: code(at)aiub.unibe.ch                      DESCRIPTION         
Data archive:    ftp.aiub.unibe.ch/CODE/                    DESCRIPTION         
                 www.aiub.unibe.ch/download/CODE/           DESCRIPTION         
  2024     2     4     0     0     0                        EPOCH OF FIRST MAP  
  2024     2     5     0     0     0                        EPOCH OF LAST MAP   
  3600                                                      INTERVAL            
[...]
azgb badg bake barh bndy boav bogo bogt bor1 braz brft brst COMMENT             
brux cags cas1 ccj2 cedu chpg chti ckis coco cord cpvg cpxf COMMENT             
cro1 daej darw dav1 dgar dhlg drao dubo ebre faa1 fair flin COMMENT             
flrs frdn func ganp glps glsv gode gol2 gold gope gras graz COMMENT             
guam guat guug harb hers hert hlfx hnpt hob2 hofn holb hrao COMMENT             
hyde iddr ieng iisc impz ineg invk iqal irkj jog2 joz2 joze COMMENT             
karr kerg kir0 kiri kiru kit3 kokb kokv kouc koug kour krgg COMMENT             
lama laut lmmf lpal lpgs m0se mac1 madr mal2 mana mas1 mat1 COMMENT             
mate maw1 mcm4 mdo1 mdvj medi mets mgue mizu mkea mnls mobs COMMENT             
monp morp mqzg mro1 mtka nano naur nico nist nklg nlib nnor COMMENT             
not1 nrc1 nrmd ntus nya1 nyal onsa opmt ous2 pado parc park COMMENT             
pdel penc pert pie1 pimo pol2 polv pots pove prds ptag ptbb COMMENT             
ptvl qaq1 quin rabt reso reun reyk rgdg rio2 roth salu samo COMMENT             
savo sch2 scor scrz sctb scub seyg sfer smst sofi spt0 ssia COMMENT             
sthl stjo stk2 str2 suth sutm sydn syog tabv tash thtg thti COMMENT             
thu2 tidb tlse tn22 tong tow2 tro1 tskb twtf txes uclu ufpr COMMENT             
ulab unb3 unbj unsa urum usn7 usud vald vill voim vtsp wab1 COMMENT             
wab2 wark wgtn whit will wind wsrt wtza wtzl wtzr wtzs wtzz COMMENT             
wuhn xmis yar2 yar3 yarr yell ykro zeck zim2 zim3 zimm      COMMENT             
                                                            END OF HEADER       
[from data line 6006]
    15                                                      START OF TEC MAP    
  2024     2     4    14     0     0                        EPOCH OF CURRENT MAP
    87.5-180.0 180.0   5.0 450.0                            LAT/LON1/LON2/DLON/H
  138  139  139  140  140  141  141  141  141  141  141  141  140  140  139  138
  137  136  135  134  133  131  130  129  128  127  126  124  123  122  122  121
  120  119  118  118  117  116  116  116  115  115  115  115  116  116  117  117
  118  119  120  121  122  123  124  125  126  127  128  129  130  130  131  132
  133  133  134  135  135  136  137  137  138
    85.0-180.0 180.0   5.0 450.0                            LAT/LON1/LON2/DLON/H
  135  137  138  140  142  144  146  147  148  149  149  148  147  146  144  142
  139  137  134  131  129  127  125  123  121  120  119  118  117  116  115  114
  113  112  111  110  108  107  106  105  104  103  102  103  103  104  105  107
  109  111  114  117  120  122  125  127  129  131  132  133  133  133  133  133
  132  132  132  131  132  132  133  134  135
    82.5-180.0 180.0   5.0 450.0                            LAT/LON1/LON2/DLON/H
  119  121  125  129  133  137  142  145  148  150  151  150  149  146  142  138
  134  129  125  121  117  114  112  111  111  112  112  114  115  116  117  118
  118  117  116  114  111  109  105  102  100   97   96   95   95   96   99  102
  106  111  117  122  128  133  138  142  145  147  148  147  146  143  140  136
  132  128  124  121  118  117  116  117  119
    80.0-180.0 180.0   5.0 450.0                            LAT/LON1/LON2/DLON/H
   93   96  101  107  114  122  129  136  142  145  147  147  145  141  136  129
  122  116  109  104  101   99   99  100  103  107  112  117  123  128  132  135
  136  137  135  132  128  123  118  112  106  102   98   95   95   96   99  104
  111  119  128  138  147  156  163  169  173  175  175  172  168  161  153  144
  135  125  116  108  101   96   93   92   93
    77.5-180.0 180.0   5.0 450.0                            LAT/LON1/LON2/DLON/H
   65   68   73   81   90  101  111  121  130  136  140  140  138  133  126  117
  109  101   94   89   87   87   90   96  103  112  122  133  142  151  159  164
  168  169  167  163  157  150  141  132  123  115  109  104  103  104  107  114
  123  134  146  159  172  185  195  203  208  210  209  204  196  185  172  158
  142  127  112   98   86   77   70   66   65
    75.0-180.0 180.0   5.0 450.0                            LAT/LON1/LON2/DLON/H
   46   46   50   57   67   79   92  104  115  124  129  131  128  123  116  107
   97   90   84   81   82   86   94  104  117  131  145  159  172  184  194  201
  205  206  204  199  191  181  170  158  146  135  126  120  117  117  121  128
  138  151  165  181  196  210  223  232  238  240  238  231  221  207  191  173
  154  135  116   98   82   68   57   49   46
    72.5-180.0 180.0   5.0 450.0                            LAT/LON1/LON2/DLON/H
   41   37   37   42   50   61   74   87   99  109  116  119  118  114  107   99
   91   86   83   85   90  100  113  128  144  161  177  193  207  219  229  236
  240  241  238  232  222  211  197  183  170  158  147  140  136  135  138  144
  153  165  178  193  208  222  235  244  250  252  250  243  232  218  201  183
  164  145  126  107   90   74   60   48   41
    70.0-180.0 180.0   5.0 450.0                            LAT/LON1/LON2/DLON/H
   52   43   39   39   43   51   61   72   84   94  102  106  107  104  100   95
   90   89   92   99  111  126  143  162  180  197  213  227  239  250  258  263
  266  266  262  255  245  233  219  205  191  178  168  160  156  153  154  157
  163  170  179  190  202  213  223  232  237  238  236  230  221  209  196  182
  168  153  139  124  108   92   77   63   52
    67.5-180.0 180.0   5.0 450.0                            LAT/LON1/LON2/DLON/H
   74   61   52   47   46   48   53   61   70   79   87   92   95   95   94   92
   93   98  107  121  139  159  180  200  217  232  245  255  263  269  274  278
  280  279  275  267  258  246  232  219  206  195  186  178  173  169  167  165
  165  165  167  171  176  181  188  193  197  198  196  192  185  178  171  164
  158  152  146  139  129  117  103   88   74
    65.0-180.0 180.0   5.0 450.0                            LAT/LON1/LON2/DLON/H
   98   83   71   61   55   52   52   54   59   66   72   78   82   85   87   90
   96  107  122  143  166  190  212  232  247  258  265  270  274  277  280  282
  284  283  279  272  263  252  240  228  217  207  199  193  187  181  174  167
  160  152  144  139  135  134  135  137  139  140  139  136  133  130  129  130
  134  139  143  145  143  137  126  113   98
    62.5-180.0 180.0   5.0 450.0                            LAT/LON1/LON2/DLON/H
  114  100   87   76   67   59   54   51   51   54   59   65   69   74   79   85
   96  112  134  159  186  212  234  251  262  269  272  273  274  276  279  282
  284  284  281  275  266  255  244  234  224  216  209  203  196  188  178  165
  150  134  118  103   91   84   80   79   79   80   79   77   76   76   79   87
   98  112  126  137  143  143  137  127  114
    60.0-180.0 180.0   5.0 450.0                            LAT/LON1/LON2/DLON/H
  115  105   95   86   76   67   58   51   47   46   49   53   58   63   69   79
   93  113  139  167  196  222  242  256  264  267  268  268  270  273  278  283
  287  289  286  281  272  262  251  241  233  225  218  211  203  192  179  162
  142  120   96   75   57   44   36   33   33   34   33   32   30   30   35   44
   59   78   98  115  128  133  131  124  115
    57.5-180.0 180.0   5.0 450.0                            LAT/LON1/LON2/DLON/H
  100   95   91   87   81   73   63   53   46   43   43   46   50   54   61   71
   87  110  138  168  196  220  238  249  255  257  259  262  267  274  283  291
  297  300  298  293  284  273  262  253  244  236  227  218  208  195  180  161
  138  113   87   62   41   26   17   13   13   14   14   11    8    5    7   14
   27   46   66   85   99  107  108  105  100
    55.0-180.0 180.0   5.0 450.0                            LAT/LON1/LON2/DLON/H
   74   74   77   80   80   76   68   58   49   45   44   45   47   50   55   65
   82  106  135  165  192  214  229  238  244  248  254  262  272  283  295  306
  313  317  315  308  299  288  277  268  259  249  239  227  213  199  182  163
  142  118   93   69   48   32   24   21   22   23   23   19   13    6    2    3
   10   23   39   55   68   75   77   75   74
    52.5-180.0 180.0   5.0 450.0                            LAT/LON1/LON2/DLON/H
   46   50   59   69   76   77   72   64   56   52   50   51   51   51   54   63
   81  106  136  166  191  210  223  232  240  248  259  272  286  300  313  323
  330  332  329  322  312  302  293  285  276  266  253  237  220  204  187  170
  152  132  111   91   72   59   51   49   51   53   53   49   40   30   20   14
   12   17   25   35   43   48   48   46   46
    50.0-180.0 180.0   5.0 450.0                            LAT/LON1/LON2/DLON/H
   27   32   44   59   71   77   76   70   65   63   62   62   60   57   58   67
   86  113  144  173  196  213  226  237  248  261  277  293  308  320  330  336
  339  339  335  327  319  312  306  301  294  283  268  249  229  210  194  179
  165  151  135  120  105   93   85   83   85   88   89   85   77   65   52   40
   31   28   28   31   34   35   32   28   27
    47.5-180.0 180.0   5.0 450.0                            LAT/LON1/LON2/DLON/H
   25   27   38   54   69   78   80   77   75   75   77   77   73   68   68   77
   98  127  159  188  211  228  241  254  269  287  304  320  330  336  338  338
  337  334  329  323  318  314  313  313  310  300  284  263  241  220  202  189
  178  168  158  146  133  121  113  108  108  111  112  111  105   96   84   71
   59   50   45   44   43   41   36   29   25
    45.0-180.0 180.0   5.0 450.0                            LAT/LON1/LON2/DLON/H
   40   37   44   57   71   80   83   82   83   87   92   93   88   81   80   91
  115  147  180  209  232  250  265  282  300  319  335  344  346  341  334  327
  322  320  317  314  312  314  318  323  324  317  301  279  255  232  213  199
  188  180  172  162  150  136  123  115  111  111  113  115  115  111  105   96
   86   77   70   67   66   64   58   48   40
    42.5-180.0 180.0   5.0 450.0                            LAT/LON1/LON2/DLON/H
   68   59   59   66   76   83   85   85   89   97  104  106  101   94   94  108
  135  169  203  232  255  275  293  313  332  349  360  361  351  335  319  308
  305  307  309  311  312  317  325  334  339  334  320  297  272  248  227  209
  196  186  177  167  154  137  119  103   93   90   92   96  102  107  109  108
  104   98   94   93   94   94   90   80   68
    40.0-180.0 180.0   5.0 450.0                            LAT/LON1/LON2/DLON/H
   99   85   78   78   83   86   86   86   91  101  112  115  111  105  107  124
  154  189  223  251  275  297  318  339  357  370  373  365  346  322  303  295
  300  310  321  327  330  335  343  353  359  355  342  321  296  271  247  225
  206  191  180  169  154  133  110   87   70   61   61   66   76   87   98  106
  110  110  109  112  117  122  122  113   99
    37.5-180.0 180.0   5.0 450.0                            LAT/LON1/LON2/DLON/H
  123  106   94   89   89   88   85   84   90  102  114  120  117  113  118  139
  170  205  237  263  287  310  334  355  371  378  374  358  335  312  299  303
  322  347  367  376  377  377  380  385  388  383  370  351  328  304  277  249
  224  204  190  179  164  142  115   85   61   47   42   45   55   69   84   98
  107  112  114  119  127  137  141  136  123
    35.0-180.0 180.0   5.0 450.0                            LAT/LON1/LON2/DLON/H
  132  117  103   95   91   88   83   81   86   98  112  119  119  119  128  152
  184  217  244  267  289  314  339  359  370  372  364  348  329  316  319  344
  384  426  455  464  458  446  439  435  431  422  407  390  370  347  319  287
  257  233  219  210  200  180  152  119   89   68   56   54   58   68   81   95
  105  111  113  116  124  134  143  142  132
    32.5-180.0 180.0   5.0 450.0                            LAT/LON1/LON2/DLON/H
  125  113  101   93   90   86   81   77   81   93  107  116  119  123  138  165
  196  224  245  264  286  311  335  352  360  359  352  343  338  344  372  423
  487  546  581  585  567  540  516  500  486  471  454  438  422  403  376  342
  309  284  274  272  269  256  231  197  164  137  119  107  100  100  104  110
  115  116  112  109  111  118  127  131  125
    30.0-180.0 180.0   5.0 450.0                            LAT/LON1/LON2/DLON/H
  107  100   91   86   84   82   78   74   77   87  101  111  118  128  148  177
  207  230  245  259  280  305  327  341  345  345  346  352  368  401  457  535
  620  691  726  722  688  643  604  574  550  529  509  494  482  467  443  411
  379  358  354  362  370  367  347  316  282  252  226  203  183  167  157  151
  145  136  121  107   98   98  103  108  107
    27.5-180.0 180.0   5.0 450.0                            LAT/LON1/LON2/DLON/H
   87   83   78   75   77   78   76   73   74   82   94  106  117  132  158  190
  218  236  245  257  276  300  320  330  334  339  353  380  421  482  564  663
  762  836  866  850  800  740  687  647  616  589  568  554  546  537  517  489
  460  445  449  468  488  494  483  456  423  391  359  327  294  262  235  214
  195  174  147  119   96   84   82   86   87
    25.0-180.0 180.0   5.0 450.0                            LAT/LON1/LON2/DLON/H
   74   72   68   67   70   75   76   74   74   79   89  101  115  136  167  201
  228  242  249  259  278  300  316  324  330  345  377  426  492  575  675  784
  884  953  973  943  881  811  752  708  674  646  625  613  609  604  589  566
  543  533  544  571  598  612  607  585  555  522  488  450  407  363  323  289
  259  227  189  148  111   87   75   74   74
    22.5-180.0 180.0   5.0 450.0                            LAT/LON1/LON2/DLON/H
   77   73   67   65   68   73   77   76   75   78   85   96  112  138  173  209
  237  250  257  267  285  305  318  325  337  365  415  485  569  664  769  874
  965 1019 1025  984  915  844  788  748  719  694  676  666  665  663  652  633
  614  608  620  647  676  692  689  670  643  612  579  540  494  445  399  360
  324  286  242  192  146  110   89   81   77
    20.0-180.0 180.0   5.0 450.0                            LAT/LON1/LON2/DLON/H
   98   88   78   70   70   75   79   79   77   77   81   91  108  137  175  214
  242  257  266  279  297  314  324  332  352  395  463  547  640  735  831  919
  989 1023 1014  967  901  838  792  764  745  729  715  709  709  709  700  682
  664  656  663  681  702  712  708  690  665  637  607  572  531  487  445  409
  375  338  293  243  193  151  123  107   98
    17.5-180.0 180.0   5.0 450.0                            LAT/LON1/LON2/DLON/H
  132  116   98   83   76   78   81   82   79   77   77   85  102  132  173  214
  245  264  277  293  311  325  333  344  375  432  513  604  693  777  852  915
  957  970  950  904  848  801  773  761  756  749  743  740  741  740  730  712
  690  674  667  667  670  669  659  639  615  590  565  538  508  478  450  425
  401  370  332  288  242  201  170  149  132
    15.0-180.0 180.0   5.0 450.0                            LAT/LON1/LON2/DLON/H
  173  149  123  100   85   82   84   84   81   76   74   79   96  127  168  211
  245  269  288  307  325  336  343  360  401  470  558  647  724  787  835  869
  885  881  856  818  779  752  743  748  756  760  760  760  760  757  745  723
  695  666  638  614  594  576  557  535  512  489  469  451  435  423  415  408
  397  378  351  317  282  248  218  194  173
    12.5-180.0 180.0   5.0 450.0                            LAT/LON1/LON2/DLON/H
  208  180  148  117   96   86   85   85   82   76   72   75   91  121  164  208
  246  275  300  322  339  347  354  377  428  506  594  673  732  771  793  801
  797  783  762  738  718  711  719  736  754  765  770  772  771  765  750  724
  688  644  593  541  497  462  436  412  389  368  351  340  337  343  356  368
  371  363  346  326  304  281  257  233  208
    10.0-180.0 180.0   5.0 450.0                            LAT/LON1/LON2/DLON/H
  231  201  167  132  105   91   87   86   83   77   72   74   89  120  163  209
  250  284  313  338  354  361  369  398  457  538  620  684  722  740  741  733
  719  705  694  687  687  695  713  736  757  771  777  779  777  769  752  723
  681  623  551  477  412  364  333  309  287  266  249  242  247  267  296  322
  336  334  325  314  305  294  278  257  231
     7.5-180.0 180.0   5.0 450.0                            LAT/LON1/LON2/DLON/H
  238  210  176  142  112   95   88   87   84   79   74   77   92  124  168  215
  259  297  330  356  372  379  390  424  487  565  636  682  703  705  697  683
  671  666  670  681  696  712  731  751  769  780  785  786  783  774  757  728
  684  618  534  443  366  313  282  262  241  218  199  190  197  222  258  291
  307  306  297  292  291  290  280  262  238
     5.0-180.0 180.0   5.0 450.0                            LAT/LON1/LON2/DLON/H
  230  205  177  146  118   99   91   89   87   83   80   83  101  134  179  228
  273  314  350  378  395  403  418  455  518  588  644  673  681  677  669  662
  661  671  692  718  741  758  770  781  789  793  794  792  788  781  766  742
  701  636  549  455  377  327  301  286  268  243  218  203  205  226  260  290
  300  292  276  269  271  274  268  252  230
     2.5-180.0 180.0   5.0 450.0                            LAT/LON1/LON2/DLON/H
  214  193  171  147  122  104   95   93   92   89   87   92  112  149  196  246
  292  335  373  403  422  434  452  491  548  606  646  661  662  660  662  669
  683  710  746  782  807  818  819  817  814  809  803  799  794  789  780  763
  731  675  596  510  441  401  385  376  360  334  304  280  271  282  304  322
  321  299  272  256  254  256  250  234  214
