sample_data/COD0OPSFIN_20240350000_01D_01H_GIM.INX
     1.0            IONOSPHERE MAPS     GNSS                IONEX VERSION / TYPE
ADDNEQ2 V5.5        AIUB                08-FEB-24 21:12     PGM / RUN BY / DATE 
CODE'S GLOBAL IONOSPHERE MAPS FOR DAY 035, 2024             COMMENT             
Global ionosphere maps (GIM) are generated on a daily basis DESCRIPTION         
at CODE using data from about 300 GNSS sites of the IGS and DESCRIPTION         
other institutions. The vertical total electron content     DESCRIPTION         
(VTEC) is modeled in a solar-geomagnetic reference frame    DESCRIPTION         
using a spherical harmonics expansion up to degree and      DESCRIPTION         
order 15. Piece-wise linear functions are used for          DESCRIPTION         
representation in the time domain. The time spacing of      DESCRIPTION         
their vertices is 1 hour, conforming with the epochs of the DESCRIPTION         
VTEC maps.                                                  DESCRIPTION         
To convert line-of-sight TEC into vertical TEC, a modified  DESCRIPTION         
single-layer model mapping function approximating the JPL   DESCRIPTION         
extended slab model mapping function is adopted. The        DESCRIPTION         
mapping function is evaluated at geodetic satellite         DESCRIPTION         
elevation angles. For the computation of the ionospheric    DESCRIPTION         
pierce points, a spherical layer with a radius of 6821 km   DESCRIPTION         
is assumed, implying geocentric, not geodetic IONEX         DESCRIPTION         
latitudes.                                                  DESCRIPTION         
Instrumental biases with respect to each involved GNSS code DESCRIPTION         
observable are estimated as constant values for each        DESCRIPTION         
day. They are modeled with one set of bias parameters for   DESCRIPTION         
each satellite and each station in case of GPS and for each DESCRIPTION         
satellite-station link in case of GLONASS. The code bias    DESCRIPTION         
datum is defined by zero-mean conditions imposed on the     DESCRIPTION         
satellite bias estimates. In this file, just GPS C1W-C2W    DESCRIPTION         
satellite and station bias values are included. The         DESCRIPTION         
complete set of GNSS code bias results is provided in an    DESCRIPTION         
additional Bias-SINEX file as pseudo-absolute values        DESCRIPTION         
specific to each observable.                                DESCRIPTION         
Note: These GIM results correspond to the results for the   DESCRIPTION         
middle day of a 3-day combination analysis solving for 73   DESCRIPTION         
times 256, or 18688 VTEC parameters and 3 daily sets of     DESCRIPTION         
GNSS code bias parameters.                                  DESCRIPTION         
Contact address: code(at)aiub.unibe.ch                      DESCRIPTION         
Data archive:    ftp.aiub.unibe.ch/CODE/                    DESCRIPTION         
                 www.aiub.unibe.ch/download/CODE/           DESCRIPTION         
  2024     2     4     0     0     0                        EPOCH OF FIRST MAP  
  2024     2     5     0     0     0                        EPOCH OF LAST MAP   
  3600                                                      INTERVAL            
[...]
azgb badg bake barh bndy boav bogo bogt bor1 braz brft brst COMMENT             
brux cags cas1 ccj2 cedu chpg chti ckis coco cord cpvg cpxf COMMENT             
cro1 daej darw dav1 dgar dhlg drao dubo ebre faa1 fair flin COMMENT             
flrs frdn func ganp glps glsv gode gol2 gold gope gras graz COMMENT             
guam guat guug harb hers hert hlfx hnpt hob2 hofn holb hrao COMMENT             
hyde iddr ieng iisc impz ineg invk iqal irkj jog2 joz2 joze COMMENT             
karr kerg kir0 kiri kiru kit3 kokb kokv kouc koug kour krgg COMMENT             
lama laut lmmf lpal lpgs m0se mac1 madr mal2 mana mas1 mat1 COMMENT             
mate maw1 mcm4 mdo1 mdvj medi mets mgue mizu mkea mnls mobs COMMENT             
monp morp mqzg mro1 mtka nano naur nico nist nklg nlib nnor COMMENT             
not1 nrc1 nrmd ntus nya1 nyal onsa opmt ous2 pado parc park COMMENT             
pdel penc pert pie1 pimo pol2 polv pots pove prds ptag ptbb COMMENT             
ptvl qaq1 quin rabt reso reun reyk rgdg rio2 roth salu samo COMMENT             
savo sch2 scor scrz sctb scub seyg sfer smst sofi spt0 ssia COMMENT             
sthl stjo stk2 str2 suth sutm sydn syog tabv tash thtg thti COMMENT             
thu2 tidb tlse tn22 tong tow2 tro1 tskb twtf txes uclu ufpr COMMENT             
ulab unb3 unbj unsa urum usn7 usud vald vill voim vtsp wab1 COMMENT             
wab2 wark wgtn whit will wind wsrt wtza wtzl wtzr wtzs wtzz COMMENT             
wuhn xmis yar2 yar3 yarr yell ykro zeck zim2 zim3 zimm      COMMENT             
                                                            END OF HEADER       
[from data line 1716]
     5                                                      START OF TEC MAP    
  2024     2     4     4     0     0                        EPOCH OF CURRENT MAP
    87.5-180.0 180.0   5.0 450.0                            LAT/LON1/LON2/DLON/H
  131  130  128  126  125  123  121  118  116  114  112  109  107  105  102  100
   97   94   92   89   87   84   82   79   77   75   74   72   71   70   69   69
   69   69   70   70   72   73   75   77   79   82   84   87   90   93   96   99
  102  106  109  112  115  118  120  123  125  128  130  131  133  134  135  136
  136  137  137  136  136  135  134  133  131
    85.0-180.0 180.0   5.0 450.0                            LAT/LON1/LON2/DLON/H
  153  150  146  143  140  136  133  130  127  124  122  119  116  112  109  105
  102   97   93   88   83   78   73   68   63   58   54   50   46   44   42   41
   40   41   42   43   46   49   52   56   61   66   71   76   82   88   94   99
  105  111  117  122  128  133  139  143  148  152  156  160  163  165  167  168
  169  169  168  167  165  162  160  157  153
    82.5-180.0 180.0   5.0 450.0                            LAT/LON1/LON2/DLON/H
  168  162  156  151  146  141  138  135  133  131  130  128  127  125  123  120
  116  111  106  100   93   85   77   69   61   54   46   40   34   30   27   25
   24   24   26   28   32   36   41   47   53   60   67   74   81   88   95  102
  109  116  123  131  138  145  151  158  165  171  177  183  188  192  195  197
  198  198  196  193  190  185  180  174  168
    80.0-180.0 180.0   5.0 450.0                            LAT/LON1/LON2/DLON/H
  178  169  160  151  145  139  136  134  133  134  135  136  138  139  139  138
  136  132  127  121  113  104   94   83   73   63   53   45   37   32   28   25
   24   25   27   30   34   39   45   51   58   64   71   78   85   92   99  106
  113  120  127  134  141  149  157  165  173  182  190  198  206  212  218  222
  224  224  222  219  213  206  198  188  178
    77.5-180.0 180.0   5.0 450.0                            LAT/LON1/LON2/DLON/H
  190  176  163  151  142  135  131  129  130  133  137  141  145  149  152  154
  154  152  148  143  135  126  116  105   94   83   72   63   55   49   45   42
   42   43   45   48   52   56   61   66   71   76   81   87   93   98  104  109
  115  121  127  133  140  147  155  164  174  185  196  207  218  228  237  243
  248  250  249  245  238  229  217  204  190
    75.0-180.0 180.0   5.0 450.0                            LAT/LON1/LON2/DLON/H
  207  188  170  155  142  133  127  126  127  131  136  142  148  153  157  161
  162  163  161  158  153  146  138  128  118  107   98   89   82   77   74   72
   72   72   74   76   78   80   82   85   87   89   92   95   99  103  107  112
  116  121  126  131  137  144  152  162  173  185  199  213  227  241  253  263
  270  274  275  272  265  255  241  225  207
    72.5-180.0 180.0   5.0 450.0                            LAT/LON1/LON2/DLON/H
  231  208  186  166  149  137  129  126  127  131  135  140  144  148  152  155
  157  159  161  161  159  156  151  145  138  130  123  117  112  109  107  106
  105  105  105  105  104  103  101  100   98   97   97   98  100  103  107  112
  117  122  127  133  138  145  153  162  174  188  203  220  237  253  267  280
  290  297  300  300  295  285  271  252  231
    70.0-180.0 180.0   5.0 450.0                            LAT/LON1/LON2/DLON/H
  261  235  208  183  162  147  137  132  132  133  135  136  136  136  136  137
  139  142  145  149  152  154  153  152  149  146  142  139  137  136  135  134
  133  131  129  126  121  116  111  105  100   96   94   93   95   98  104  111
  118  126  133  139  146  153  161  170  182  197  213  230  248  265  280  294
  306  315  321  323  321  314  302  284  261
    67.5-180.0 180.0   5.0 450.0                            LAT/LON1/LON2/DLON/H
  292  264  234  205  179  160  148  142  139  138  136  132  126  120  115  112
  112  115  120  127  134  140  144  147  148  149  150  150  150  151  150  149
  147  143  138  131  124  115  107   99   91   86   82   81   84   89   98  109
  120  132  143  152  160  168  176  186  198  212  228  245  262  277  291  304
  314  324  332  338  341  339  331  315  292
    65.0-180.0 180.0   5.0 450.0                            LAT/LON1/LON2/DLON/H
  319  290  257  224  195  173  159  151  146  143  137  128  117  104   94   87
   85   87   94  102  111  120  127  132  137  141  144  147  149  150  150  147
  143  137  129  120  111  101   91   82   75   69   66   66   70   78   90  106
  123  140  156  169  180  189  198  207  219  232  247  262  276  288  299  307
  315  324  333  342  350  354  352  340  319
    62.5-180.0 180.0   5.0 450.0                            LAT/LON1/LON2/DLON/H
  337  309  274  238  205  181  165  156  150  145  137  124  109   93   79   69
   66   68   74   82   91   99  106  112  118  124  129  133  136  137  135  131
  125  117  108   98   88   78   70   63   57   53   52   53   58   68   83  103
  126  148  169  186  200  210  219  229  239  251  264  277  288  296  301  305
  308  314  322  334  347  358  362  355  337
    60.0-180.0 180.0   5.0 450.0                            LAT/LON1/LON2/DLON/H
  346  319  283  245  210  183  166  156  149  143  133  120  103   86   72   63
   60   61   66   72   78   83   87   92   97  103  109  114  116  116  113  107
  100   91   82   73   64   56   51   47   45   44   43   45   51   62   79  102
  128  156  180  201  217  228  237  246  255  266  277  287  294  298  299  297
  296  298  305  318  334  351  361  360  346
    57.5-180.0 180.0   5.0 450.0                            LAT/LON1/LON2/DLON/H
  346  322  287  249  213  185  165  153  145  137  127  114   99   85   74   68
   66   68   71   74   75   74   74   76   79   85   91   95   97   95   91   84
   77   69   62   54   48   43   41   41   42   44   45   47   51   62   79  103
  132  162  189  212  228  240  249  256  264  272  281  289  294  295  293  287
  282  280  285  297  316  337  352  356  346
    55.0-180.0 180.0   5.0 450.0                            LAT/LON1/LON2/DLON/H
  342  321  290  254  219  191  169  154  141  130  118  107   96   87   81   80
   81   83   84   82   78   73   69   67   69   74   79   83   84   81   75   69
   64   59   55   50   46   44   44   47   51   54   56   57   60   68   84  108
  138  169  197  219  235  246  254  259  265  272  278  284  288  288  284  277
  270  265  268  279  298  321  339  348  342
    52.5-180.0 180.0   5.0 450.0                            LAT/LON1/LON2/DLON/H
  336  320  295  265  235  207  184  163  144  127  112  100   92   88   89   91
   95   97   97   92   85   77   71   67   69   73   77   80   80   75   70   65
   64   64   64   63   60   58   59   62   67   72   74   74   75   81   96  119
  148  178  205  226  240  249  255  259  263  267  271  276  279  280  277  271
  263  258  258  268  285  307  326  337  336
    50.0-180.0 180.0   5.0 450.0                            LAT/LON1/LON2/DLON/H
  330  321  303  282  259  236  212  185  157  131  110   96   89   89   92   97
  102  104  103   99   92   84   78   76   77   81   85   86   84   79   74   72
   75   81   86   89   87   83   80   82   86   91   93   93   93   99  114  136
  164  193  217  235  246  253  257  260  261  263  265  268  271  273  272  268
  262  257  257  264  278  297  316  328  330
    47.5-180.0 180.0   5.0 450.0                            LAT/LON1/LON2/DLON/H
  323  320  312  301  289  272  249  218  181  146  117   98   90   89   92   96
   99  101  101   99   96   93   91   91   93   96   98   97   93   87   82   83
   91  104  115  120  117  110  103  101  104  108  110  111  113  120  135  159
  186  212  233  247  255  260  263  265  265  264  264  264  267  269  271  270
  266  262  261  266  277  292  307  319  323
    45.0-180.0 180.0   5.0 450.0                            LAT/LON1/LON2/DLON/H
  314  315  314  315  314  306  287  254  211  168  132  108   96   91   90   89
   89   90   93   97  101  105  109  111  112  112  112  108  102   95   91   94
  107  125  141  149  145  134  122  116  116  119  123  125  130  141  159  185
  212  236  253  263  269  272  275  276  276  273  270  268  269  271  274  274
  273  270  269  272  279  290  301  310  314
    42.5-180.0 180.0   5.0 450.0                            LAT/LON1/LON2/DLON/H
  302  303  306  314  323  325  312  282  238  191  152  125  108   98   89   82
   78   79   85   96  109  121  130  133  132  127  122  116  109  101   97  101
  116  138  158  168  163  150  134  125  123  126  130  136  144  160  183  210
  238  259  273  280  284  287  291  293  293  289  284  280  278  279  280  280
  279  278  278  280  285  291  297  301  302
    40.0-180.0 180.0   5.0 450.0                            LAT/LON1/LON2/DLON/H
  290  285  286  294  308  319  314  290  250  207  170  144  125  110   94   80
   73   75   86  104  124  142  152  154  148  138  129  121  114  106  101  104
  119  142  164  175  171  157  140  130  127  130  135  143  155  175  202  232
  259  278  290  295  299  304  309  313  313  309  303  297  293  291  289  288
  286  286  287  289  293  296  297  295  290
    37.5-180.0 180.0   5.0 450.0                            LAT/LON1/LON2/DLON/H
  285  269  259  260  272  286  288  273  242  208  179  159  143  126  106   88
   80   84  100  123  146  165  174  171  160  144  132  125  120  115  109  109
  120  140  161  173  171  158  143  133  131  134  140  148  163  186  215  245
  272  290  300  306  311  319  327  332  333  330  324  317  312  307  303  298
  296  296  299  304  308  309  307  299  285
    35.0-180.0 180.0   5.0 450.0                            LAT/LON1/LON2/DLON/H
  297  267  240  225  226  236  242  234  214  191  175  165  156  141  122  105
   99  107  126  149  171  186  191  183  167  149  137  134  135  133  127  122
  126  139  156  168  167  158  146  139  137  139  144  152  168  191  220  250
  275  292  303  312  321  333  343  351  353  350  345  340  334  329  322  316
  313  315  321  329  335  337  333  320  297
    32.5-180.0 180.0   5.0 450.0                            LAT/LON1/LON2/DLON/H
  336  292  244  207  190  189  191  186  174  162  158  160  160  152  137  126
  125  137  156  176  190  199  199  189  172  157  150  154  163  167  161  150
  144  147  157  164  164  158  151  147  146  146  148  155  169  191  220  248
  271  288  302  315  331  347  360  369  371  369  366  364  361  356  349  343
  342  347  358  369  379  383  381  366  336
    30.0-180.0 180.0   5.0 450.0                            LAT/LON1/LON2/DLON/H
  409  354  287  227  188  170  162  152  140  132  136  147  155  155  148  143
  148  163  180  192  197  198  196  190  180  172  174  188  207  217  211  194
  177  168  167  168  165  160  156  154  153  151  151  155  167  189  215  241
  263  283  301  322  344  365  381  390  392  391  391  392  393  392  387  384
  386  397  413  429  442  451  452  441  409
    27.5-180.0 180.0   5.0 450.0                            LAT/LON1/LON2/DLON/H
  514  456  378  299  240  202  177  154  132  119  121  134  147  152  151  152
  161  176  187  190  186  184  187  191  195  200  213  237  263  278  272  249
  221  199  186  177  170  163  159  157  155  151  148  151  163  184  209  234
  258  281  306  335  365  391  409  417  419  420  422  428  434  437  437  439
  447  464  486  506  523  536  545  541  514
    25.0-180.0 180.0   5.0 450.0                            LAT/LON1/LON2/DLON/H
  640  589  510  424  350  296  252  209  167  138  128  135  146  151  151  153
  161  171  174  168  160  161  176  200  223  243  265  293  323  340  334  306
  269  235  209  189  174  163  157  153  149  143  139  143  158  180  207  233
  259  288  321  359  396  426  445  454  456  458  464  473  484  492  497  505
  520  543  570  594  613  629  646  655  640
    22.5-180.0 180.0   5.0 450.0                            LAT/LON1/LON2/DLON/H
  768  734  666  584  509  446  385  320  253  199  169  162  164  163  157  152
  151  151  147  136  130  142  176  222  265  297  323  349  375  390  382  351
  308  265  229  198  174  157  147  140  133  127  125  133  152  179  209  239
  270  305  346  391  434  468  489  499  503  507  516  529  543  554  564  577
  598  627  657  682  700  719  744  766  768
    20.0-180.0 180.0   5.0 450.0                            LAT/LON1/LON2/DLON/H
  876  864  818  754  690  628  559  474  382  302  249  223  212  199  180  160
  143  131  119  110  113  141  197  264  322  359  379  394  409  416  404  372
  327  280  237  199  168  145  130  120  112  106  108  122  149  182  217  252
  289  331  379  430  477  513  536  548  556  564  575  591  607  620  632  647
  671  703  734  757  773  791  821  856  876
    17.5-180.0 180.0   5.0 450.0                            LAT/LON1/LON2/DLON/H
  945  954  935  899  857  809  739  644  534  434  361  319  294  267  232  191
  153  126  110  107  126  173  246  326  388  419  424  419  416  411  396  364
  321  275  231  190  155  129  111   99   90   86   93  114  148  188  229  270
  313  361  414  468  516  554  580  596  608  621  636  653  669  682  693  708
  731  762  792  812  823  838  868  910  945
    15.0-180.0 180.0   5.0 450.0                            LAT/LON1/LON2/DLON/H
  965  990  995  989  977  949  891  796  680  570  489  439  404  367  314  251
  192  151  135  145  181  243  324  403  455  468  449  419  396  379  360  330
  292  251  211  174  140  114   96   83   74   73   84  111  151  197  243  289
  337  389  444  498  546  585  614  636  654  672  691  709  724  734  742  752
  771  799  825  841  847  856  881  923  965
    12.5-180.0 180.0   5.0 450.0                            LAT/LON1/LON2/DLON/H
  938  968  989 1009 1025 1022  981  897  789  685  608  561  527  485  421  341
  264  214  202  227  279  347  421  482  510  496  450  397  356  329  307  280
  249  216  185  155  129  107   90   78   71   71   85  115  158  206  255  304
  355  409  463  516  563  602  634  662  687  710  731  749  763  770  773  778
  791  813  835  847  848  850  867  900  938
    10.0-180.0 180.0   5.0 450.0                            LAT/LON1/LON2/DLON/H
  880  903  929  963 1000 1018  995  929  840  755  696  663  640  602  536  446
  359  306  304  344  405  468  520  548  542  498  429  360  308  277  254  231
  205  181  161  143  126  111   98   88   80   81   95  125  167  215  264  314
  366  419  471  520  565  605  641  673  703  730  753  771  783  788  786  785
  792  809  827  837  835  831  837  856  880
     7.5-180.0 180.0   5.0 450.0                            LAT/LON1/LON2/DLON/H
  815  821  839  874  919  948  939  892  827  769  735  724  718  693  634  545
  458  410  419  472  535  581  598  585  542  474  393  319  268  238  218  197
  175  158  148  142  135  127  118  109  101  100  112  139  178  223  269  318
  368  419  468  513  556  597  636  672  704  732  755  772  784  788  784  779
  782  794  811  820  819  812  809  811  815
     5.0-180.0 180.0   5.0 450.0                            LAT/LON1/LON2/DLON/H
  768  752  752  777  815  843  839  806  762  730  721  731  743  736  691  615
  537  500  521  581  639  660  637  582  510  429  350  286  246  225  208  188
  168  155  151  154  155  151  144  135  126  122  131  154  189  229  273  319
  366  414  458  501  543  584  625  662  694  720  740  757  769  774  770  765
  766  778  795  807  809  804  795  784  768
     2.5-180.0 180.0   5.0 450.0                            LAT/LON1/LON2/DLON/H
  755  721  701  707  728  742  732  702  672  657  664  686  711  719  693  635
  574  550  581  643  689  683  625  539  451  374  313  271  250  240  228  207
  184  170  169  176  180  178  170  159  148  142  149  169  200  237  277  320
  364  407  448  488  529  571  612  648  677  699  716  731  744  751  751  748
  751  765  785  802  811  811  804  786  755
