sample_data/COD0OPSFIN_20240350000_01D_01H_GIM.INX
     1.0            IONOSPHERE MAPS     GNSS                IONEX VERSION / TYPE
ADDNEQ2 V5.5        AIUB                08-FEB-24 21:12     PGM / RUN BY / DATE 
CODE'S GLOBAL IONOSPHERE MAPS FOR DAY 035, 2024             COMMENT             
Global ionosphere maps (GIM) are generated on a daily basis DESCRIPTION         
at CODE using data from about 300 GNSS sites of the IGS and DESCRIPTION         
other institutions. The vertical total electron content     DESCRIPTION         
(VTEC) is modeled in a solar-geomagnetic reference frame    DESCRIPTION         
using a spherical harmonics expansion up to degree and      DESCRIPTION         
order 15. Piece-wise linear functions are used for          DESCRIPTION         
representation in the time domain. The time spacing of      DESCRIPTION         
their vertices is 1 hour, conforming with the epochs of the DESCRIPTION         
VTEC maps.                                                  DESCRIPTION         
To convert line-of-sight TEC into vertical TEC, a modified  DESCRIPTION         
single-layer model mapping function approximating the JPL   DESCRIPTION         
extended slab model mapping function is adopted. The        DESCRIPTION         
mapping function is evaluated at geodetic satellite         DESCRIPTION         
elevation angles. For the computation of the ionospheric    DESCRIPTION         
pierce points, a spherical layer with a radius of 6821 km   DESCRIPTION         
is assumed, implying geocentric, not geodetic IONEX         DESCRIPTION         
latitudes.                                                  DESCRIPTION         
Instrumental biases with respect to each involved GNSS code DESCRIPTION         
observable are estimated as constant values for each        DESCRIPTION         
day. They are modeled with one set of bias parameters for   DESCRIPTION         
each satellite and each station in case of GPS and for each DESCRIPTION         
satellite-station link in case of GLONASS. The code bias    DESCRIPTION         
datum is defined by zero-mean conditions imposed on the     DESCRIPTION         
satellite bias estimates. In this file, just GPS C1W-C2W    DESCRIPTION         
satellite and station bias values are included. The         DESCRIPTION         
complete set of GNSS code bias results is provided in an    DESCRIPTION         
additional Bias-SINEX file as pseudo-absolute values        DESCRIPTION         
specific to each observable.                                DESCRIPTION         
Note: These GIM results correspond to the results for the   DESCRIPTION         
middle day of a 3-day combination analysis solving for 73   DESCRIPTION         
times 256, or 18688 VTEC parameters and 3 daily sets of     DESCRIPTION         
GNSS code bias parameters.                                  DESCRIPTION         
Contact address: code(at)aiub.unibe.ch                      DESCRIPTION         
Data archive:    ftp.aiub.unibe.ch/CODE/                    DESCRIPTION         
                 www.aiub.unibe.ch/download/CODE/           DESCRIPTION         
  2024     2     4     0     0     0                        EPOCH OF FIRST MAP  
  2024     2     5     0     0     0                        EPOCH OF LAST MAP   
  3600                                                      INTERVAL            
[...]
azgb badg bake barh bndy boav bogo bogt bor1 braz brft brst COMMENT             
brux cags cas1 ccj2 cedu chpg chti ckis coco cord cpvg cpxf COMMENT             
cro1 daej darw dav1 dgar dhlg drao dubo ebre faa1 fair flin COMMENT             
flrs frdn func ganp glps glsv gode gol2 gold gope gras graz COMMENT             
guam guat guug harb hers hert hlfx hnpt hob2 hofn holb hrao COMMENT             
hyde iddr ieng iisc impz ineg invk iqal irkj jog2 joz2 joze COMMENT             
karr kerg kir0 kiri kiru kit3 kokb kokv kouc koug kour krgg COMMENT             
lama laut lmmf lpal lpgs m0se mac1 madr mal2 mana mas1 mat1 COMMENT             
mate maw1 mcm4 mdo1 mdvj medi mets mgue mizu mkea mnls mobs COMMENT             
monp morp mqzg mro1 mtka nano naur nico nist nklg nlib nnor COMMENT             
not1 nrc1 nrmd ntus nya1 nyal onsa opmt ous2 pado parc park COMMENT             
pdel penc pert pie1 pimo pol2 polv pots pove prds ptag ptbb COMMENT             
ptvl qaq1 quin rabt reso reun reyk rgdg rio2 roth salu samo COMMENT             
savo sch2 scor scrz sctb scub seyg sfer smst sofi spt0 ssia COMMENT             
sthl stjo stk2 str2 suth sutm sydn syog tabv tash thtg thti COMMENT             
thu2 tidb tlse tn22 tong tow2 tro1 tskb twtf txes uclu ufpr COMMENT             
ulab unb3 unbj unsa urum usn7 usud vald vill voim vtsp wab1 COMMENT             
wab2 wark wgtn whit will wind wsrt wtza wtzl wtzr wtzs wtzz COMMENT             
wuhn xmis yar2 yar3 yarr yell ykro zeck zim2 zim3 zimm      COMMENT             
                                                            END OF HEADER       
[from data line 2574]
     7                                                      START OF TEC MAP    
  2024     2     4     6     0     0                        EPOCH OF CURRENT MAP
    87.5-180.0 180.0   5.0 450.0                            LAT/LON1/LON2/DLON/H
  121  119  117  115  113  111  109  108  106  104  103  102  100   99   98   97
   96   96   95   94   94   94   94   94   94   95   95   96   97   98   99  101
  102  104  106  107  109  111  113  115  117  119  121  123  125  127  129  131
  132  134  135  137  138  138  139  140  140  140  140  140  139  138  137  136
  135  134  132  130  129  127  125  123  121
    85.0-180.0 180.0   5.0 450.0                            LAT/LON1/LON2/DLON/H
  126  122  118  114  111  107  104  102   99   97   95   93   91   89   87   86
   84   83   82   81   80   79   79   79   79   79   80   82   83   85   87   90
   92   95   99  102  105  109  113  116  120  124  128  132  136  139  143  146
  150  153  155  158  160  162  164  165  166  166  166  165  164  163  161  159
  156  153  150  146  142  138  134  130  126
    82.5-180.0 180.0   5.0 450.0                            LAT/LON1/LON2/DLON/H
  130  123  117  112  107  103   99   96   94   92   90   88   87   85   84   82
   80   79   77   75   74   72   71   71   70   71   72   74   76   78   82   85
   89   93   97  101  105  109  114  118  123  128  133  138  143  149  154  159
  164  168  173  176  180  183  185  188  189  190  191  191  190  188  186  183
  179  174  169  163  157  150  143  136  130
    80.0-180.0 180.0   5.0 450.0                            LAT/LON1/LON2/DLON/H
  133  124  115  108  102   97   94   91   90   89   88   88   87   87   86   85
   83   81   79   77   74   72   71   70   69   70   71   73   76   80   84   88
   93   97  101  105  108  112  116  120  124  129  134  140  147  153  160  167
  173  179  185  190  195  199  203  207  209  212  214  215  215  214  212  208
  204  198  190  182  173  163  153  143  133
    77.5-180.0 180.0   5.0 450.0                            LAT/LON1/LON2/DLON/H
  138  125  114  105   97   92   88   87   86   87   88   89   90   91   91   91
   89   88   85   83   80   78   76   74   74   75   77   81   85   90   95  100
  104  108  111  113  114  115  116  118  121  125  130  137  145  153  162  171
  179  187  194  200  206  212  217  221  226  230  234  237  239  240  239  236
  231  224  215  204  192  179  165  151  138
    75.0-180.0 180.0   5.0 450.0                            LAT/LON1/LON2/DLON/H
  145  129  115  103   94   88   84   83   84   86   88   91   93   94   95   95
   95   94   92   90   88   85   84   83   83   85   88   93   99  105  111  117
  121  123  123  121  119  115  113  111  112  115  120  128  138  149  161  172
  183  193  201  209  215  221  227  233  240  246  253  258  263  266  266  264
  259  251  241  228  213  197  180  162  145
    72.5-180.0 180.0   5.0 450.0                            LAT/LON1/LON2/DLON/H
  156  137  119  104   93   86   82   81   83   86   89   92   94   95   96   96
   96   96   95   95   94   93   92   92   93   96  100  107  114  122  129  134
  136  136  133  127  119  111  104   99   97  100  106  116  129  144  160  175
  188  200  210  218  224  230  236  243  251  260  269  278  286  291  293  292
  287  278  266  252  235  216  197  176  156
    70.0-180.0 180.0   5.0 450.0                            LAT/LON1/LON2/DLON/H
  169  147  126  108   95   86   81   81   83   86   90   92   93   92   92   92
   92   93   94   96   97   97   98   98  101  104  110  117  126  134  141  146
  146  143  136  125  113  100   89   82   80   83   91  105  123  142  162  181
  198  211  221  229  235  240  246  253  262  273  285  296  306  313  317  315
  310  300  287  271  254  235  214  192  169
    67.5-180.0 180.0   5.0 450.0                            LAT/LON1/LON2/DLON/H
  184  160  136  114   97   86   81   81   84   88   90   91   90   87   84   83
   83   86   89   93   96   98  100  101  104  108  114  122  130  139  145  148
  146  140  129  115   99   84   72   64   62   68   81   99  121  146  170  193
  212  226  236  243  248  251  256  263  272  284  297  310  322  330  334  332
  325  314  300  284  267  249  230  208  184
    65.0-180.0 180.0   5.0 450.0                            LAT/LON1/LON2/DLON/H
  199  173  146  120  100   86   79   79   83   88   90   90   86   81   76   73
   73   77   82   88   92   96   98  100  102  106  111  119  127  134  138  139
  135  126  113   97   80   65   54   48   50   60   77  101  128  157  184  209
  230  245  255  260  263  264  267  272  280  292  306  320  332  340  343  339
  330  318  303  288  274  259  242  223  199
    62.5-180.0 180.0   5.0 450.0                            LAT/LON1/LON2/DLON/H
  213  186  156  125  100   83   75   75   79   85   88   87   82   75   69   65
   66   70   76   83   88   92   93   94   95   98  103  110  116  122  124  122
  116  105   91   76   60   47   40   39   46   62   84  111  142  173  203  229
  250  265  274  278  279  279  279  281  287  297  309  323  334  342  343  337
  326  312  297  284  273  262  251  235  213
    60.0-180.0 180.0   5.0 450.0                            LAT/LON1/LON2/DLON/H
  226  198  165  130   99   77   67   66   72   79   83   83   79   72   65   62
   63   68   74   81   85   87   86   85   86   88   92   98  103  106  106  101
   93   82   69   56   44   36   34   39   52   72   99  129  161  193  223  249
  270  284  292  296  295  293  290  290  292  299  308  319  329  335  335  328
  315  300  285  274  267  262  256  245  226
    57.5-180.0 180.0   5.0 450.0                            LAT/LON1/LON2/DLON/H
  237  210  174  135   99   73   59   56   62   69   75   77   74   69   65   63
   65   70   76   81   83   82   79   77   76   78   82   87   91   92   90   84
   75   65   54   43   36   33   36   47   66   91  120  151  183  214  243  268
  287  301  309  312  310  307  302  298  296  298  303  311  319  324  323  315
  301  285  271  262  258  259  259  253  237
    55.0-180.0 180.0   5.0 450.0                            LAT/LON1/LON2/DLON/H
  245  220  184  143  104   73   55   49   52   59   66   69   69   67   66   67
   71   76   81   83   83   79   74   70   68   71   75   80   84   84   80   74
   66   57   49   42   38   39   47   63   85  112  142  173  204  233  260  283
  302  316  323  326  324  320  313  305  299  296  296  300  306  310  308  301
  288  272  259  251  251  255  259  258  245
    52.5-180.0 180.0   5.0 450.0                            LAT/LON1/LON2/DLON/H
  250  229  196  156  117   83   60   49   48   51   57   60   63   64   67   71
   76   81   85   86   84   79   73   68   66   69   74   80   83   83   79   74
   68   62   57   53   51   54   64   81  105  134  164  193  221  248  274  297
  315  328  336  338  337  331  323  313  303  294  290  290  293  296  296  289
  278  264  251  245  245  250  257  258  250
    50.0-180.0 180.0   5.0 450.0                            LAT/LON1/LON2/DLON/H
  249  234  208  175  138  105   78   61   53   51   52   55   58   62   67   73
   79   84   87   88   86   82   76   72   71   74   80   85   88   88   85   81
   79   77   76   73   71   73   82   99  124  152  181  209  236  261  286  309
  327  340  347  349  347  341  333  321  308  296  287  284  284  287  287  282
  273  260  249  242  240  245  250  253  249
    47.5-180.0 180.0   5.0 450.0                            LAT/LON1/LON2/DLON/H
  240  232  217  195  166  136  108   86   70   61   56   55   57   60   66   72
   78   83   87   89   90   89   86   83   83   85   89   94   95   95   93   92
   94   97   99   97   94   93   99  115  139  168  196  223  248  273  299  322
  340  352  357  357  355  349  341  329  315  301  290  283  281  282  282  278
  271  260  249  241  236  236  239  241  240
    45.0-180.0 180.0   5.0 450.0                            LAT/LON1/LON2/DLON/H
  222  222  219  210  193  170  144  118   96   80   69   63   62   63   66   70
   74   79   85   91   98  102  103  102  100  101  102  103  102  100   99  101
  107  115  120  119  114  110  113  128  153  182  211  237  261  286  312  335
  353  363  366  364  360  355  348  337  324  310  298  289  284  282  281  277
  271  262  251  241  232  225  222  221  222
    42.5-180.0 180.0   5.0 450.0                            LAT/LON1/LON2/DLON/H
  197  203  211  215  211  197  175  149  125  104   89   79   74   71   70   69
   71   76   84   97  109  120  125  125  122  118  115  111  106  102  100  104
  114  126  134  134  128  122  125  140  166  197  226  251  275  300  326  349
  366  373  373  369  365  360  355  346  335  322  310  300  293  287  283  278
  271  263  253  241  228  214  203  196  197
    40.0-180.0 180.0   5.0 450.0                            LAT/LON1/LON2/DLON/H
  169  176  190  204  211  207  191  169  146  125  110   99   91   85   79   74
   73   77   89  107  126  142  150  150  144  135  126  117  108  100   97  102
  114  129  139  141  136  130  135  153  182  214  243  267  289  313  339  362
  377  382  380  375  371  368  364  358  349  338  327  316  306  297  288  281
  274  267  257  244  227  206  186  172  169
    37.5-180.0 180.0   5.0 450.0                            LAT/LON1/LON2/DLON/H
  146  148  161  178  191  193  185  169  151  135  124  116  109  101   92   85
   82   87  101  122  145  163  173  172  163  151  137  123  111  100   95   98
  110  125  137  141  138  136  145  168  200  234  262  283  303  325  349  371
  385  389  387  384  382  381  379  375  367  358  348  337  325  312  299  289
  282  276  268  255  235  209  181  158  146
    35.0-180.0 180.0   5.0 450.0                            LAT/LON1/LON2/DLON/H
  139  129  133  144  155  159  156  147  137  130  127  126  123  117  108   99
   97  103  119  141  163  181  189  187  177  163  147  132  118  106   99   99
  107  120  131  137  138  142  157  185  220  254  279  297  313  332  356  377
  392  398  399  400  403  406  405  400  392  384  374  363  349  333  318  306
  299  295  290  279  258  229  195  162  139
    32.5-180.0 180.0   5.0 450.0                            LAT/LON1/LON2/DLON/H
  156  130  116  113  115  117  115  110  108  109  116  123  127  125  120  114
  115  123  139  158  175  188  195  193  185  173  159  146  135  124  115  110
  112  119  127  133  138  148  169  201  238  270  292  305  318  336  359  382
  399  410  418  427  437  444  444  437  427  417  408  396  382  364  348  337
  332  331  329  321  302  272  234  193  156
    30.0-180.0 180.0   5.0 450.0                            LAT/LON1/LON2/DLON/H
  204  159  124  101   89   83   79   76   77   83   96  109  120  124  124  124
  129  140  154  167  176  183  188  190  187  181  173  167  161  154  145  136
  129  127  129  133  140  155  180  215  251  280  298  308  319  337  362  388
  411  429  447  467  485  496  496  487  474  461  450  439  424  407  392  383
  382  385  387  382  366  338  299  253  204
    27.5-180.0 180.0   5.0 450.0                            LAT/LON1/LON2/DLON/H
  281  220  164  121   94   79   70   64   62   67   78   93  106  114  119  125
  136  149  160  165  165  166  171  180  187  190  191  192  195  194  187  174
  159  146  138  137  143  160  188  223  257  282  297  306  318  339  369  401
  431  458  487  518  545  559  559  547  530  516  504  492  478  463  451  446
  449  456  462  460  447  423  387  338  281
    25.0-180.0 180.0   5.0 450.0                            LAT/LON1/LON2/DLON/H
  380  309  238  180  142  119  106   94   82   76   77   84   93  101  108  118
  133  148  155  151  142  140  150  169  188  201  210  219  230  238  235  220
  196  171  152  143  147  163  190  223  254  277  292  303  320  348  384  423
  461  497  536  575  608  625  625  612  595  579  567  555  542  529  521  521
  528  539  546  546  536  516  486  441  380
    22.5-180.0 180.0   5.0 450.0                            LAT/LON1/LON2/DLON/H
  489  415  339  275  233  209  193  173  148  124  106   97   94   94   98  108
  125  139  141  130  115  113  132  164  196  217  230  243  261  276  278  262
  232  197  167  150  147  160  185  215  245  269  287  305  330  366  410  456
  500  543  587  630  666  685  686  675  660  648  637  625  613  603  598  601
  611  623  631  631  622  607  583  546  489
    20.0-180.0 180.0   5.0 450.0                            LAT/LON1/LON2/DLON/H
  590  523  451  391  355  338  325  300  260  213  171  141  119  105   99  104
  118  130  128  111   94   96  127  172  212  236  247  259  279  299  307  292
  258  216  177  152  144  153  175  204  235  262  287  315  350  394  445  496
  543  588  633  676  710  729  733  728  721  714  707  697  686  677  672  676
  686  698  705  703  694  682  666  638  590
    17.5-180.0 180.0   5.0 450.0                            LAT/LON1/LON2/DLON/H
  671  616  555  508  487  484  479  453  401  335  270  216  174  142  121  116
  123  130  124  104   88   97  139  195  239  257  260  264  281  304  314  302
  268  222  179  149  136  142  163  194  228  262  297  334  378  430  484  536
  583  626  667  704  733  751  760  765  769  772  770  763  753  743  737  738
  746  756  760  755  745  734  723  706  671
    15.0-180.0 180.0   5.0 450.0                            LAT/LON1/LON2/DLON/H
  721  680  634  604  601  615  623  602  546  467  386  314  254  204  168  150
  149  150  140  118  104  120  169  230  271  278  266  258  268  289  301  291
  258  215  172  140  126  131  153  187  228  271  314  361  411  466  520  570
  613  650  683  712  735  752  768  784  802  815  820  816  806  795  786  782
  785  790  792  785  771  760  753  744  721
    12.5-180.0 180.0   5.0 450.0                            LAT/LON1/LON2/DLON/H
  738  709  676  661  674  704  726  714  662  583  496  417  347  286  237  207
  197  192  179  156  144  162  214  271  302  294  265  243  244  260  270  262
  234  196  158  130  117  123  148  188  236  286  338  389  442  495  546  591
  628  657  682  703  720  738  760  788  818  841  851  850  841  828  815  805
  801  803  802  794  778  764  757  753  738
    10.0-180.0 180.0   5.0 450.0                            LAT/LON1/LON2/DLON/H
  729  706  681  672  693  733  765  764  723  653  576  502  434  370  316  279
  262  254  239  215  200  216  262  309  326  301  257  224  216  226  233  225
  202  172  143  121  112  122  150  195  249  305  360  412  463  511  556  594
  625  649  668  684  698  718  746  783  821  849  862  863  855  842  825  809
  799  797  797  789  772  755  745  740  729
     7.5-180.0 180.0   5.0 450.0                            LAT/LON1/LON2/DLON/H
  706  682  655  644  661  698  732  740  713  663  605  550  495  439  388  352
  334  326  309  283  263  270  303  335  335  298  245  206  194  198  200  190
  172  151  132  118  115  128  160  208  265  322  375  424  470  512  550  582
  609  631  648  664  680  702  735  775  815  842  855  856  850  839  820  799
  785  782  784  778  761  741  727  719  706
     5.0-180.0 180.0   5.0 450.0                            LAT/LON1/LON2/DLON/H
  683  653  617  593  594  617  642  652  639  610  578  548  516  477  437  409
  396  391  376  347  319  312  327  341  327  283  230  194  183  183  179  167
  151  138  129  123  125  140  174  222  277  331  380  423  462  498  531  560
  586  609  631  651  673  699  733  772  805  825  833  833  831  822  805  783
  767  765  770  768  753  731  713  700  683
     2.5-180.0 180.0   5.0 450.0                            LAT/LON1/LON2/DLON/H
  669  632  585  542  519  517  524  528  522  512  504  500  492  474  452  436
  434  436  424  393  357  335  330  327  305  262  218  191  185  183  174  157
  143  136  135  135  140  156  189  235  284  331  372  409  444  476  507  536
  564  592  621  651  680  711  743  773  794  803  803  802  802  799  785  765
  750  751  760  763  751  729  708  692  669
