sample_data/COD0OPSFIN_20240350000_01D_01H_GIM.INX
     1.0            IONOSPHERE MAPS     GNSS                IONEX VERSION / TYPE
ADDNEQ2 V5.5        AIUB                08-FEB-24 21:12     PGM / RUN BY / DATE 
CODE'S GLOBAL IONOSPHERE MAPS FOR DAY 035, 2024             COMMENT             
Global ionosphere maps (GIM) are generated on a daily basis DESCRIPTION         
at CODE using data from about 300 GNSS sites of the IGS and DESCRIPTION         
other institutions. The vertical total electron content     DESCRIPTION         
(VTEC) is modeled in a solar-geomagnetic reference frame    DESCRIPTION         
using a spherical harmonics expansion up to degree and      DESCRIPTION         
order 15. Piece-wise linear functions are used for          DESCRIPTION         
representation in the time domain. The time spacing of      DESCRIPTION         
their vertices is 1 hour, conforming with the epochs of the DESCRIPTION         
VTEC maps.                                                  DESCRIPTION         
To convert line-of-sight TEC into vertical TEC, a modified  DESCRIPTION         
single-layer model mapping function approximating the JPL   DESCRIPTION         
extended slab model mapping function is adopted. The        DESCRIPTION         
mapping function is evaluated at geodetic satellite         DESCRIPTION         
elevation angles. For the computation of the ionospheric    DESCRIPTION         
pierce points, a spherical layer with a radius of 6821 km   DESCRIPTION         
is assumed, implying geocentric, not geodetic IONEX         DESCRIPTION         
latitudes.                                                  DESCRIPTION         
Instrumental biases with respect to each involved GNSS code DESCRIPTION         
observable are estimated as constant values for each        DESCRIPTION         
day. They are modeled with one set of bias parameters for   DESCRIPTION         
each satellite and each station in case of GPS and for each DESCRIPTION         
satellite-station link in case of GLONASS. The code bias    DESCRIPTION         
datum is defined by zero-mean conditions imposed on the     DESCRIPTION         
satellite bias estimates. In this file, just GPS C1W-C2W    DESCRIPTION         
satellite and station bias values are included. The         DESCRIPTION         
complete set of GNSS code bias results is provided in an    DESCRIPTION         
additional Bias-SINEX file as pseudo-absolute values        DESCRIPTION         
specific to each observable.                                DESCRIPTION         
Note: These GIM results correspond to the results for the   DESCRIPTION         
middle day of a 3-day combination analysis solving for 73   DESCRIPTION         
times 256, or 18688 VTEC parameters and 3 daily sets of     DESCRIPTION         
GNSS code bias parameters.                                  DESCRIPTION         
Contact address: code(at)aiub.unibe.ch                      DESCRIPTION         
Data archive:    ftp.aiub.unibe.ch/CODE/                    DESCRIPTION         
                 www.aiub.unibe.ch/download/CODE/           DESCRIPTION         
  2024     2     4     0     0     0                        EPOCH OF FIRST MAP  
  2024     2     5     0     0     0                        EPOCH OF LAST MAP   
  3600                                                      INTERVAL            
[...]
azgb badg bake barh bndy boav bogo bogt bor1 braz brft brst COMMENT             
brux cags cas1 ccj2 cedu chpg chti ckis coco cord cpvg cpxf COMMENT             
cro1 daej darw dav1 dgar dhlg drao dubo ebre faa1 fair flin COMMENT             
flrs frdn func ganp glps glsv gode gol2 gold gope gras graz COMMENT             
guam guat guug harb hers hert hlfx hnpt hob2 hofn holb hrao COMMENT             
hyde iddr ieng iisc impz ineg invk iqal irkj jog2 joz2 joze COMMENT             
karr kerg kir0 kiri kiru kit3 kokb kokv kouc koug kour krgg COMMENT             
lama laut lmmf lpal lpgs m0se mac1 madr mal2 mana mas1 mat1 COMMENT             
mate maw1 mcm4 mdo1 mdvj medi mets mgue mizu mkea mnls mobs COMMENT             
monp morp mqzg mro1 mtka nano naur nico nist nklg nlib nnor COMMENT             
not1 nrc1 nrmd ntus nya1 nyal onsa opmt ous2 pado parc park COMMENT             
pdel penc pert pie1 pimo pol2 polv pots pove prds ptag ptbb COMMENT             
ptvl qaq1 quin rabt reso reun reyk rgdg rio2 roth salu samo COMMENT             
savo sch2 scor scrz sctb scub seyg sfer smst sofi spt0 ssia COMMENT             
sthl stjo stk2 str2 suth sutm sydn syog tabv tash thtg thti COMMENT             
thu2 tidb tlse tn22 tong tow2 tro1 tskb twtf txes uclu ufpr COMMENT             
ulab unb3 unbj unsa urum usn7 usud vald vill voim vtsp wab1 COMMENT             
wab2 wark wgtn whit will wind wsrt wtza wtzl wtzr wtzs wtzz COMMENT             
wuhn xmis yar2 yar3 yarr yell ykro zeck zim2 zim3 zimm      COMMENT             
                                                            END OF HEADER       
[from data line 6435]
    16                                                      START OF TEC MAP    
  2024     2     4    15     0     0                        EPOCH OF CURRENT MAP
    87.5-180.0 180.0   5.0 450.0                            LAT/LON1/LON2/DLON/H
  179  180  180  181  181  181  181  181  181  181  181  180  179  179  178  177
  175  174  173  172  170  169  168  167  165  164  163  162  160  159  158  157
  156  155  154  153  153  152  151  151  151  151  151  151  151  152  153  154
  155  156  157  159  160  161  163  164  166  167  168  169  170  171  172  173
  174  175  175  176  177  177  178  179  179
    85.0-180.0 180.0   5.0 450.0                            LAT/LON1/LON2/DLON/H
  172  173  175  176  178  179  181  182  182  182  182  181  180  178  176  174
  171  169  166  164  162  160  158  156  155  153  152  151  150  149  147  146
  144  143  141  139  137  135  133  131  130  129  129  129  129  130  132  134
  137  140  144  148  151  155  158  161  164  166  168  169  170  170  170  170
  170  169  169  169  169  169  170  170  172
    82.5-180.0 180.0   5.0 450.0                            LAT/LON1/LON2/DLON/H
  145  148  152  156  160  164  168  171  174  175  175  174  172  170  166  162
  158  154  150  147  144  143  142  141  142  142  143  144  145  146  146  145
  144  142  139  136  132  128  123  119  115  112  110  109  109  110  113  117
  122  129  135  143  150  157  163  168  172  175  176  176  174  171  168  164
  159  155  151  147  145  143  143  144  145
    80.0-180.0 180.0   5.0 450.0                            LAT/LON1/LON2/DLON/H
  106  110  116  123  131  139  146  153  158  161  163  162  159  155  150  144
  139  134  129  126  125  124  126  129  133  137  142  147  151  155  157  158
  158  156  152  147  141  134  126  119  111  105  100   96   95   96  100  106
  114  124  135  147  158  169  179  186  191  194  193  190  185  177  167  157
  146  136  126  118  111  106  104  104  106
    77.5-180.0 180.0   5.0 450.0                            LAT/LON1/LON2/DLON/H
   63   68   76   85   97  109  120  130  138  144  147  147  144  139  133  126
  120  114  111  109  110  114  119  126  134  144  153  162  170  177  181  184
  184  182  177  171  162  152  141  130  119  109  101   95   92   92   95  102
  113  126  141  157  174  189  202  212  218  220  217  210  200  186  171  154
  136  119  103   89   78   69   64   62   63
    75.0-180.0 180.0   5.0 450.0                            LAT/LON1/LON2/DLON/H
   31   34   42   52   65   80   94  107  118  126  131  132  129  125  119  112
  107  103  102  105  110  117  127  139  151  164  177  188  198  206  212  215
  215  212  206  198  187  175  162  148  135  122  112  103   98   96   99  105
  117  131  149  169  189  208  223  235  241  242  237  227  213  195  175  153
  131  110   90   72   56   44   36   31   31
    72.5-180.0 180.0   5.0 450.0                            LAT/LON1/LON2/DLON/H
   17   17   22   31   43   58   73   88  100  110  115  118  117  113  109  105
  103  104  108  115  126  139  153  168  183  197  209  221  230  237  242  244
  242  238  231  221  209  196  182  168  154  141  130  120  112  108  108  112
  121  135  153  174  195  215  232  244  250  250  244  232  216  196  175  153
  131  110   90   71   54   40   29   21   17
    70.0-180.0 180.0   5.0 450.0                            LAT/LON1/LON2/DLON/H
   25   21   21   25   34   45   59   72   84   94  101  105  106  105  105  106
  109  116  127  141  158  175  192  208  222  234  244  252  258  262  264  263
  260  254  245  234  222  209  196  183  172  160  150  140  130  123  118  118
  122  132  146  164  184  203  220  231  236  235  228  216  201  183  166  148
  132  116  101   86   72   57   44   33   25
    67.5-180.0 180.0   5.0 450.0                            LAT/LON1/LON2/DLON/H
   50   41   35   33   36   42   51   61   71   80   87   92   96   99  103  110
  121  136  154  175  197  218  236  251  261  268  272  274  276  276  275  273
  268  260  249  237  224  212  201  191  183  175  167  158  148  137  127  119
  116  118  126  139  155  171  184  194  198  196  189  178  166  154  144  135
  129  123  117  110  101   90   76   63   50
    65.0-180.0 180.0   5.0 450.0                            LAT/LON1/LON2/DLON/H
   82   68   56   49   46   46   49   55   61   67   73   79   85   92  102  116
  134  157  183  210  236  258  275  286  291  291  289  286  283  281  279  276
  270  261  249  235  221  209  199  192  188  184  180  172  161  147  131  115
  103   96   96  101  111  122  132  139  141  139  133  125  118  113  111  113
  118  124  130  133  131  124  112   98   82
    62.5-180.0 180.0   5.0 450.0                            LAT/LON1/LON2/DLON/H
  108   92   77   66   58   53   51   51   52   55   60   66   74   85  100  119
  144  174  205  237  265  287  301  307  306  300  292  286  282  281  281  279
  275  266  253  237  221  207  196  191  189  188  186  180  169  152  130  108
   87   71   63   61   64   71   77   81   82   79   75   70   67   67   73   84
   99  116  132  143  149  147  139  125  108
    60.0-180.0 180.0   5.0 450.0                            LAT/LON1/LON2/DLON/H
  119  103   89   77   68   60   54   49   47   46   49   54   64   77   96  121
  150  184  219  252  280  300  310  312  306  297  287  281  279  282  286  289
  288  280  267  248  229  212  199  192  189  189  188  183  172  153  128  100
   73   51   35   28   27   29   32   35   35   33   29   26   26   30   40   55
   75   98  120  137  148  151  145  134  119
    57.5-180.0 180.0   5.0 450.0                            LAT/LON1/LON2/DLON/H
  110   98   88   79   72   65   58   51   45   41   42   47   57   72   93  120
  153  188  223  256  281  298  306  304  297  288  281  278  281  289  299  308
  310  305  291  271  248  227  210  199  193  191  189  183  171  152  126   96
   67   42   23   12    8    9   10   12   12   11    9    7    8   12   20   34
   53   75   97  116  129  133  131  122  110
    55.0-180.0 180.0   5.0 450.0                            LAT/LON1/LON2/DLON/H
   86   80   76   74   72   68   62   54   47   42   41   46   56   72   94  122
  154  189  222  252  274  288  294  293  288  283  280  282  290  304  318  331
  336  333  319  299  275  251  231  215  204  196  190  182  170  152  128  100
   72   47   29   18   14   13   14   16   17   17   17   16   15   16   20   27
   38   53   70   86   97  102  100   94   86
    52.5-180.0 180.0   5.0 450.0                            LAT/LON1/LON2/DLON/H
   58   56   58   63   68   70   67   61   54   49   48   52   62   78   99  127
  158  191  221  247  266  278  284  287  287  288  291  297  308  322  337  350
  357  354  343  324  302  279  257  237  220  206  194  183  171  155  135  111
   88   67   51   42   38   37   39   41   43   45   46   46   44   41   37   35
   36   41   49   58   65   68   67   62   58
    50.0-180.0 180.0   5.0 450.0                            LAT/LON1/LON2/DLON/H
   35   36   43   54   65   72   73   69   64   60   60   65   75   90  111  138
  168  197  224  246  262  274  283  292  299  306  313  320  328  338  348  357
  361  359  350  337  320  302  282  262  240  220  202  187  173  160  145  127
  110   94   82   75   71   70   70   72   75   79   83   85   82   76   66   55
   46   41   40   42   45   45   42   38   35
    47.5-180.0 180.0   5.0 450.0                            LAT/LON1/LON2/DLON/H
   28   29   37   50   64   75   79   78   75   74   76   82   92  107  128  154
  182  210  234  252  267  281  294  309  324  336  343  345  345  344  344  345
  346  344  339  333  325  316  303  285  261  236  212  193  179  167  156  145
  132  121  112  105  100   96   95   95   98  104  110  114  113  107   95   80
   66   54   47   44   42   41   37   31   28
    45.0-180.0 180.0   5.0 450.0                            LAT/LON1/LON2/DLON/H
   38   36   42   53   68   79   85   86   86   87   92  100  111  127  147  173
  200  226  248  266  281  297  315  336  355  368  372  365  352  338  327  320
  316  315  315  316  319  321  317  304  282  254  226  204  188  177  168  160
  151  142  133  125  116  108  102   99  101  107  116  123  126  123  114  101
   87   74   65   61   58   56   51   44   38
    42.5-180.0 180.0   5.0 450.0                            LAT/LON1/LON2/DLON/H
   63   56   56   63   74   83   89   90   92   97  105  116  129  146  167  192
  219  245  266  283  299  318  341  365  385  395  392  375  349  323  303  292
  288  289  293  301  313  323  328  322  303  275  245  219  201  189  180  172
  164  155  145  133  119  104   92   84   84   89   98  109  116  120  118  111
  103   95   89   86   85   84   80   72   63
    40.0-180.0 180.0   5.0 450.0                            LAT/LON1/LON2/DLON/H
   93   81   75   76   81   87   89   91   94  102  114  129  144  162  184  210
  236  261  281  299  318  339  364  388  405  410  398  372  340  309  289  281
  282  288  296  307  320  335  345  343  327  300  269  242  221  206  194  184
  174  164  152  136  116   94   76   63   58   61   69   80   91  101  107  110
  111  110  109  110  112  114  112  105   93
    37.5-180.0 180.0   5.0 450.0                            LAT/LON1/LON2/DLON/H
  118  103   92   87   87   88   87   87   91  102  118  137  156  176  199  225
  250  273  293  312  333  356  379  399  411  409  391  363  332  310  301  307
  320  332  342  349  357  367  374  373  358  333  303  274  250  231  215  201
  190  179  166  147  123   96   72   54   45   43   47   56   67   79   91  102
  111  117  121  125  130  135  136  130  118
    35.0-180.0 180.0   5.0 450.0                            LAT/LON1/LON2/DLON/H
  130  114  101   92   88   86   83   81   86   99  119  142  165  189  213  238
  260  280  299  320  342  366  386  399  402  394  377  355  338  336  352  381
  411  433  440  438  431  427  424  417  401  377  348  318  291  267  246  230
  219  211  200  182  156  126   98   77   63   56   53   55   61   71   83   97
  109  119  124  128  133  139  143  140  130
    32.5-180.0 180.0   5.0 450.0                            LAT/LON1/LON2/DLON/H
  125  113  100   91   86   82   77   74   79   94  118  146  174  201  227  249
  268  284  302  323  347  370  384  389  385  375  363  357  366  396  445  503
  553  582  585  566  538  513  492  475  456  432  404  375  345  316  291  274
  267  265  262  248  225  195  167  143  126  112  101   92   88   89   96  105
  115  121  122  122  123  127  132  132  125
    30.0-180.0 180.0   5.0 450.0                            LAT/LON1/LON2/DLON/H
  109  100   90   84   81   78   73   69   73   90  117  150  183  214  241  261
  276  287  303  325  350  370  379  376  366  359  360  379  420  486  570  656
  724  758  753  716  664  613  574  544  520  496  469  441  409  377  350  335
  334  343  351  346  327  300  273  250  229  209  189  169  151  140  134  133
  133  130  123  114  107  106  110  112  109
    27.5-180.0 180.0   5.0 450.0                            LAT/LON1/LON2/DLON/H
   87   83   77   75   75   74   70   66   70   88  117  154  191  226  255  274
  284  291  304  327  353  371  374  365  354  355  376  422  497  596  708  814
  892  925  910  856  783  712  655  615  586  563  539  511  479  445  418  406
  415  436  456  461  448  425  400  377  355  331  302  271  241  216  196  181
  168  153  134  114   97   88   87   88   87
    25.0-180.0 180.0   5.0 450.0                            LAT/LON1/LON2/DLON/H
   71   69   67   68   71   73   70   66   70   87  118  157  198  237  267  285
  292  296  308  331  358  373  372  361  355  369  411  484  585  706  833  944
 1020 1046 1022  957  872  788  722  676  647  626  605  580  548  514  487  479
  495  527  557  570  562  541  517  495  473  446  413  376  337  301  269  242
  216  189  159  129  102   84   75   72   71
    22.5-180.0 180.0   5.0 450.0                            LAT/LON1/LON2/DLON/H
   67   63   62   65   70   73   72   68   71   87  118  158  202  244  276  294
  299  303  315  338  364  378  375  366  369  399  462  555  671  798  920 1019
 1081 1096 1065  998  912  829  764  720  695  678  662  639  609  574  547  541
  561  598  632  647  640  620  596  574  552  525  492  454  414  374  337  301
  267  232  196  159  125   98   81   72   67
    20.0-180.0 180.0   5.0 450.0                            LAT/LON1/LON2/DLON/H
   77   70   66   68   72   75   74   71   72   87  116  157  202  246  280  299
  306  310  323  347  372  383  381  379  395  443  523  626  741  855  955 1027
 1065 1065 1032  973  900  830  776  743  725  715  703  684  655  621  592  583
  600  633  663  674  663  639  613  590  569  544  516  483  450  415  381  346
  311  275  238  200  163  130  105   88   77
    17.5-180.0 180.0   5.0 450.0                            LAT/LON1/LON2/DLON/H
   99   86   78   75   76   78   76   72   73   86  114  153  198  242  278  300
  311  319  334  358  379  389  389  397  429  494  583  685  785  872  937  973
  982  969  939  896  846  799  764  745  739  736  729  713  685  650  618  601
  606  626  643  643  624  595  566  541  520  500  479  458  437  416  393  367
  338  307  275  242  207  173  142  117   99
    15.0-180.0 180.0   5.0 450.0                            LAT/LON1/LON2/DLON/H
  125  106   93   84   81   79   76   72   73   84  111  149  193  237  274  300
  316  329  347  370  388  395  399  418  466  543  636  726  801  853  878  877
  860  838  817  797  774  753  739  737  741  745  741  727  701  664  626  597
  584  583  580  565  536  501  469  443  423  407  396  388  383  379  373  360
  342  320  298  274  247  215  181  150  125
    12.5-180.0 180.0   5.0 450.0                            LAT/LON1/LON2/DLON/H
  149  125  107   92   84   79   76   71   72   84  109  147  190  233  272  302
  325  344  365  385  398  402  410  441  503  588  675  747  793  811  800  771
  737  714  707  709  712  713  718  728  740  747  745  731  706  668  624  581
  547  520  495  464  427  390  356  330  310  298  295  300  310  322  332  334
  328  316  303  290  272  246  213  179  149
    10.0-180.0 180.0   5.0 450.0                            LAT/LON1/LON2/DLON/H
  165  139  116   98   86   78   74   71   72   85  112  150  192  235  275  310
  339  365  388  406  413  415  427  467  538  624  701  752  771  761  729  686
  649  633  642  663  683  699  713  730  744  751  747  732  707  670  620  565
  510  460  414  371  332  297  267  241  222  213  215  227  246  268  289  301
  303  297  291  287  280  261  231  196  165
     7.5-180.0 180.0   5.0 450.0                            LAT/LON1/LON2/DLON/H
  170  144  121  101   86   77   73   71   75   91  120  160  203  246  287  325
  360  392  418  433  437  437  452  498  572  653  715  744  744  721  684  644
  618  617  641  674  700  718  732  746  758  761  752  735  710  674  624  561
  491  424  365  318  283  257  233  210  192  184  187  199  218  241  263  278
  281  276  271  271  271  259  234  201  170
     5.0-180.0 180.0   5.0 450.0                            LAT/LON1/LON2/DLON/H
  167  143  121  101   86   77   74   74   81   99  133  177  222  266  307  348
  388  424  452  466  468  467  485  533  604  674  719  732  720  697  671  651
  647  665  701  737  759  767  771  778  783  778  764  743  719  686  639  575
  500  425  362  320  297  285  271  253  236  226  226  232  242  255  269  277
  273  261  252  251  254  248  226  197  167
     2.5-180.0 180.0   5.0 450.0                            LAT/LON1/LON2/DLON/H
  162  140  121  102   88   80   78   80   88  111  149  197  247  292  333  375
  418  458  488  503  505  506  525  571  633  688  716  717  704  693  689  697
  720  758  801  832  840  831  821  817  813  801  779  754  731  704  665  608
  536  464  408  379  373  377  375  362  345  333  326  322  316  311  308  302
  286  262  243  237  239  234  216  189  162
