sample_data/IGS0OPSFIN_20240350000_01D_02H_GIM.INX
     1.0            IONOSPHERE MAPS     MIX                 IONEX VERSION / TYPE
cmpcmb v1.2          GRL/UWM            20-feb-24 17:19     PGM / RUN BY / DATE 
ionex file containing IGS COMBINED Ionosphere maps          COMMENT             
global ionosphere maps for day 035, 2024                    DESCRIPTION         
IONEX file containing the COMBINED IGS TEC MAPS and DCBs    DESCRIPTION         
      IONEX files of the following IAACs were combined: cod DESCRIPTION         
                                                        jpl DESCRIPTION         
                                                        upc DESCRIPTION         
Contact address: Andrzej Krankowski                         DESCRIPTION
                 Geodynamics Research Laboratory            DESCRIPTION
                 University of Warmia and Mazury (GRL/UWM)  DESCRIPTION
                 Oczapowski St. 1                           DESCRIPTION
                 10-957-Olsztyn, POLAND                     DESCRIPTION
                 e-mail:  kand@uwm.edu.pl                   DESCRIPTION
                                                            DESCRIPTION         
  2024     2     4     0     0     0                        EPOCH OF FIRST MAP  
  2024     2     5     0     0     0                        EPOCH OF LAST MAP   
  7200                                                      INTERVAL            
    13                                                      # OF MAPS IN FILE   
  COSZ                                                      MAPPING FUNCTION    
     0.0                                                    ELEVATION CUTOFF    
combined TEC calculated as weighted mean of input TEC valuesOBSERVABLES USED    
   303                                                      # OF STATIONS       
    32                                                      # OF SATELLITES     
  6371.0                                                    BASE RADIUS         
     2                                                      MAP DIMENSION       
   450.0 450.0   0.0                                        HGT1 / HGT2 / DHGT  
    87.5 -87.5  -2.5                                        LAT1 / LAT2 / DLAT  
  -180.0 180.0   5.0                                        LON1 / LON2 / DLON  
    -1                                                      EXPONENT            
TEC values in 0.1 tec units;  9999, if no value available   COMMENT             
DCB values in nanoseconds, reference is Sum_of_SatDCBs = 0  COMMENT             
                                                            END OF HEADER       
[from data line 3861]
    10                                                      START OF TEC MAP    
  2024     2     4    18     0     0                        EPOCH OF CURRENT MAP
    87.5-180.0 180.0   5.0 450.0                            LAT/LON1/LON2/DLON/H
  193  194  195  196  199  200  201  201  201  202  202  202  202  202  201  201
  199  198  195  192  190  187  186  181  179  177  174  172  169  166  164  163
  161  159  154  153  152  151  150  147  150  149  149  150  151  151  153  154
  155  156  156  158  159  161  161  164  165  166  169  170  173  175  177  178
  180  182  183  185  186  188  189  192  193
    85.0-180.0 180.0   5.0 450.0                            LAT/LON1/LON2/DLON/H
  191  195  197  199  202  203  205  209  209  212  213  214  216  217  217  216
  213  210  205  202  200  195  188  180  175  171  165  159  155  150  146  143
  139  135  132  128  126  124  122  120  119  119  118  119  120  122  125  130
  134  138  141  147  150  153  155  156  158  160  163  166  168  170  172  173
  175  176  178  179  181  185  187  189  191
    82.5-180.0 180.0   5.0 450.0                            LAT/LON1/LON2/DLON/H
  175  177  180  181  186  188  189  196  198  200  204  206  211  212  216  217
  220  220  218  215  205  200  189  179  173  164  156  150  145  139  134  128
  124  119  115  111  108  107  105  105  104  102  102  102  103  105  109  113
  117  124  132  139  145  150  153  155  156  157  159  160  162  163  163  164
  164  164  165  167  168  169  171  173  175
    80.0-180.0 180.0   5.0 450.0                            LAT/LON1/LON2/DLON/H
  152  152  153  157  158  164  169  174  180  187  195  204  209  214  219  223
  225  225  226  226  227  227  201  174  168  162  157  150  146  140  134  129
  121  115  109  102   97   94   92   91   92   92   93   93   94   96   99  105
  112  122  130  138  145  150  153  154  155  155  154  154  154  153  153  151
  150  148  147  148  148  147  150  150  152
    77.5-180.0 180.0   5.0 450.0                            LAT/LON1/LON2/DLON/H
  125  125  127  130  134  139  146  154  158  166  175  185  195  208  217  227
  234  236  237  235  224  229  210  202  185  172  164  154  146  138  129  121
  115  108  102   97   94   92   90   89   89   88   89   89   91   93   96  103
  112  120  131  139  147  151  154  155  155  153  150  147  144  142  139  137
  133  130  130  127  125  125  125  124  125
    75.0-180.0 180.0   5.0 450.0                            LAT/LON1/LON2/DLON/H
  104  103  105  108  110  115  120  125  134  145  154  169  188  210  229  236
  244  251  253  251  251  237  234  224  211  194  179  163  151  141  129  119
  111  105  101   99   95   92   91   92   93   91   90   90   92   94   97  102
  110  119  129  139  146  152  156  156  155  152  147  141  136  132  127  122
  116  113  110  107  105  105  104  105  104
    72.5-180.0 180.0   5.0 450.0                            LAT/LON1/LON2/DLON/H
   89   88   89   90   92   95  101  108  118  130  146  164  184  206  220  240
  254  267  280  289  284  272  264  247  235  214  196  178  158  143  131  121
  111  105  100   99   98   96   93   91   92   94   90   90   92   94   96   99
  106  114  126  134  144  148  153  153  153  150  144  136  128  121  114  107
  101   97   94   91   90   89   89   90   89
    70.0-180.0 180.0   5.0 450.0                            LAT/LON1/LON2/DLON/H
   78   77   79   78   82   88   92  101  113  128  145  164  186  209  231  257
  275  308  322  331  325  311  302  281  265  239  218  197  176  155  140  128
  120  113  106  101   99   97   93   90   89   89   88   87   86   88   90   91
   95  105  113  124  133  138  143  144  144  142  136  127  117  109  101   94
   89   86   83   81   81   81   80   79   78
    67.5-180.0 180.0   5.0 450.0                            LAT/LON1/LON2/DLON/H
   75   73   74   75   77   84   91  102  115  134  153  174  198  223  249  279
  314  340  358  368  364  353  344  321  296  266  245  222  199  180  164  149
  138  131  122  113  106  100   96   90   87   84   81   79   79   77   78   80
   81   88   97  105  115  121  126  128  128  126  120  113  103   95   88   82
   78   77   77   77   78   79   79   77   75
    65.0-180.0 180.0   5.0 450.0                            LAT/LON1/LON2/DLON/H
   80   78   76   76   81   88   98  112  129  149  169  192  216  247  272  304
  335  363  387  400  401  393  381  357  330  297  271  253  229  213  197  182
  171  160  144  130  118  108   99   91   84   80   76   73   71   69   66   65
   64   69   75   83   92   99  104  107  107  106  101   95   87   80   74   70
   69   70   72   75   79   81   82   81   80
    62.5-180.0 180.0   5.0 450.0                            LAT/LON1/LON2/DLON/H
   86   85   85   86   92  100  113  130  149  169  191  215  239  268  293  323
  355  384  410  423  432  420  409  384  356  325  302  285  263  249  233  220
  205  189  168  148  130  116  102   91   82   76   73   69   65   61   56   51
   49   50   55   62   69   75   81   84   85   85   82   77   71   65   61   58
   60   62   68   73   79   83   86   86   86
    60.0-180.0 180.0   5.0 450.0                            LAT/LON1/LON2/DLON/H
   91   91   93   97  105  115  132  152  171  192  218  240  262  288  315  343
  372  401  423  436  443  433  422  394  369  347  324  310  294  281  267  253
  235  214  189  165  142  124  106   94   84   76   72   69   64   57   50   43
   39   37   39   44   49   55   61   63   66   67   65   62   58   53   51   49
   51   57   63   71   78   84   87   89   91
    57.5-180.0 180.0   5.0 450.0                            LAT/LON1/LON2/DLON/H
   90   93   97  104  115  129  150  174  196  219  243  265  285  310  336  361
  386  412  428  439  441  434  421  397  375  361  342  331  320  309  294  278
  259  235  211  184  158  136  117  101   89   82   77   74   68   61   52   43
   39   38   38   37   39   44   49   51   55   56   56   55   52   49   47   46
   49   53   60   67   73   78   84   88   90
    55.0-180.0 180.0   5.0 450.0                            LAT/LON1/LON2/DLON/H
   85   90   97  108  123  143  165  191  216  240  266  285  307  329  355  378
  400  419  432  440  437  428  415  397  381  371  356  349  341  331  316  297
  275  251  226  199  173  151  131  115  102   94   89   85   78   71   62   52
   42   40   39   39   39   43   48   50   53   54   55   55   54   52   51   50
   52   55   59   63   68   73   78   82   85
    52.5-180.0 180.0   5.0 450.0                            LAT/LON1/LON2/DLON/H
   77   83   93  108  127  152  177  206  231  258  282  303  324  346  370  393
  410  426  433  436  432  420  408  394  384  377  367  364  357  349  330  309
  283  258  231  208  186  166  147  131  120  110  105  100   94   86   75   65
   54   48   47   49   52   54   57   58   61   63   65   66   65   64   62   60
   61   61   63   63   65   67   72   76   77
    50.0-180.0 180.0   5.0 450.0                            LAT/LON1/LON2/DLON/H
   73   77   88  105  129  158  189  218  245  271  295  316  337  359  383  404
  419  431  436  434  426  413  402  393  388  383  379  375  367  353  333  306
  280  253  230  210  192  176  162  147  135  127  119  115  109  101   90   80
   71   68   67   68   71   72   74   75   78   80   81   82   82   81   77   75
   73   71   70   68   67   66   67   71   73
    47.5-180.0 180.0   5.0 450.0                            LAT/LON1/LON2/DLON/H
   71   75   87  105  131  164  195  226  255  282  304  325  346  369  391  412
  428  437  439  435  425  413  403  396  393  391  387  382  373  351  327  300
  269  241  220  204  193  184  173  162  150  140  133  127  121  113  104   96
   89   87   87   89   90   90   91   93   95   98   99   99   98   97   93   90
   86   83   80   77   73   69   68   70   71
    45.0-180.0 180.0   5.0 450.0                            LAT/LON1/LON2/DLON/H
   76   79   90  109  137  170  204  237  267  294  317  335  354  374  395  417
  432  440  441  437  429  420  411  407  405  403  395  388  372  349  321  289
  259  234  214  199  192  186  181  171  161  151  142  135  129  122  114  109
  105  104  104  105  105  103  103  105  107  109  109  109  108  106  104  100
   98   95   91   87   83   78   76   76   76
    42.5-180.0 180.0   5.0 450.0                            LAT/LON1/LON2/DLON/H
   83   87   98  116  143  178  215  250  281  308  329  346  362  379  399  417
  432  441  443  443  438  432  425  422  421  417  404  391  371  346  319  291
  259  236  217  203  195  190  184  177  168  158  149  142  135  128  120  115
  113  114  113  114  111  107  105  107  108  111  111  111  110  108  107  106
  105  103  101   97   93   88   85   84   83
    40.0-180.0 180.0   5.0 450.0                            LAT/LON1/LON2/DLON/H
   91   96  107  125  152  188  225  260  295  325  344  359  372  386  401  416
  430  439  445  449  448  446  441  438  435  428  413  396  375  353  331  311
  289  268  244  224  209  199  191  183  176  168  157  149  141  132  123  118
  116  118  117  114  107  100   98   98  100  104  106  106  105  104  105  106
  107  108  107  104  101   97   94   92   91
    37.5-180.0 180.0   5.0 450.0                            LAT/LON1/LON2/DLON/H
   97  103  116  135  164  197  234  273  311  341  362  375  384  394  405  416
  427  436  445  453  457  459  456  450  445  436  422  405  389  376  367  362
  353  336  305  275  247  226  208  201  196  185  171  162  152  140  128  122
  121  122  121  112  101   91   88   87   90   95   98   99   98   97  100  104
  109  111  111  109  105  103  100   97   97
    35.0-180.0 180.0   5.0 450.0                            LAT/LON1/LON2/DLON/H
   99  106  121  141  169  202  241  281  321  354  377  389  397  406  413  418
  424  432  443  454  463  467  464  458  452  445  436  426  420  421  433  447
  453  443  405  358  313  271  242  231  226  214  196  183  170  155  142  134
  132  133  129  120  104   90   85   82   87   92   95   95   93   93   95  103
  110  114  113  110  106  103  101   98   99
    32.5-180.0 180.0   5.0 450.0                            LAT/LON1/LON2/DLON/H
   98  106  122  145  173  206  243  285  327  363  389  403  411  417  421  422
  423  429  439  452  464  467  465  460  457  457  459  462  472  492  530  561
  596  586  551  472  396  334  289  268  264  251  236  222  205  183  170  158
  156  158  153  142  124  105   97   93   98  101  102  100   98   97  100  108
  114  117  115  109  103   99   97   96   98
    30.0-180.0 180.0   5.0 450.0                            LAT/LON1/LON2/DLON/H
   94  105  123  148  179  210  246  287  329  366  396  412  422  427  428  427
  425  428  435  446  458  461  458  458  463  472  489  514  547  588  648  702
  749  752  701  609  489  399  338  307  301  294  284  277  257  228  211  200
  200  204  201  188  167  145  133  128  127  127  123  118  115  113  115  120
  124  123  118  109  101   94   91   91   94
    27.5-180.0 180.0   5.0 450.0                            LAT/LON1/LON2/DLON/H
   90  103  123  150  182  216  249  286  327  366  395  415  430  436  437  434
  429  429  434  442  449  450  450  456  474  498  532  579  642  708  787  849
  895  894  833  728  597  469  385  344  333  341  342  333  319  288  265  261
  267  271  270  259  232  205  189  179  174  168  158  148  144  140  137  139
  139  135  126  113  101   90   85   85   90
    25.0-180.0 180.0   5.0 450.0                            LAT/LON1/LON2/DLON/H
   86  101  125  156  189  223  252  285  322  358  389  414  435  446  447  442
  434  434  435  439  441  439  443  461  493  536  589  655  729  844  906  963
  993  983  922  819  678  555  440  382  365  379  377  373  377  358  329  326
  341  345  347  339  308  274  254  241  231  221  204  189  179  172  165  163
  158  149  136  120  104   90   82   81   86
    22.5-180.0 180.0   5.0 450.0                            LAT/LON1/LON2/DLON/H
   85  103  132  169  204  238  266  293  323  354  388  414  439  454  458  452
  443  442  440  441  439  435  443  478  525  585  651  727  809  915  964 1005
 1027 1013  954  850  721  613  488  421  393  389  386  398  426  418  402  389
  401  414  420  413  379  346  324  307  294  277  253  233  220  210  198  190
  180  167  150  129  110   94   82   79   85
    20.0-180.0 180.0   5.0 450.0                            LAT/LON1/LON2/DLON/H
   86  107  140  183  223  257  287  310  333  360  394  423  446  463  469  465
  458  455  452  451  446  442  457  507  568  639  711  788  853  917  951  979
  994  982  933  832  713  606  508  442  409  391  392  416  451  461  456  445
  449  468  473  463  427  398  378  364  344  320  297  276  262  249  235  217
  203  186  166  142  120  102   87   82   86
    17.5-180.0 180.0   5.0 450.0                            LAT/LON1/LON2/DLON/H
   92  113  150  197  243  281  310  332  353  382  410  438  459  475  482  480
  477  475  471  470  465  464  483  538  609  690  765  831  866  886  899  918
  922  914  864  776  683  584  499  439  410  389  396  424  462  477  481  476
  470  484  483  467  439  417  403  386  366  343  323  306  292  277  257  237
  216  197  180  156  134  112   95   87   92
    15.0-180.0 180.0   5.0 450.0                            LAT/LON1/LON2/DLON/H
  100  121  160  210  259  300  332  358  383  409  436  461  480  494  500  498
  500  500  498  495  491  496  522  578  650  730  795  837  847  838  835  836
  833  824  785  724  641  563  494  434  402  385  392  421  448  455  456  448
  439  442  434  420  404  398  392  375  361  343  327  313  299  282  264  243
  222  200  182  161  143  122  105   96  100
    12.5-180.0 180.0   5.0 450.0                            LAT/LON1/LON2/DLON/H
  109  131  169  222  274  318  355  387  415  443  469  492  509  525  526  528
  527  530  532  528  522  535  569  626  692  756  800  815  805  782  764  750
  742  733  713  678  620  555  491  433  396  378  380  399  404  400  386  368
  358  366  357  354  347  351  353  342  336  327  314  303  292  275  258  236
  218  194  177  160  145  127  113  105  109
    10.0-180.0 180.0   5.0 450.0                            LAT/LON1/LON2/DLON/H
  117  139  179  233  285  333  375  416  448  480  507  528  544  560  562  565
  564  570  572  570  566  580  617  671  728  775  794  786  759  728  702  683
  674  666  667  653  610  559  500  442  399  375  367  367  356  335  306  297
  285  296  295  294  296  305  311  309  308  304  299  290  278  262  247  226
  208  186  168  154  143  129  117  111  117
     7.5-180.0 180.0   5.0 450.0                            LAT/LON1/LON2/DLON/H
  125  150  191  241  295  348  395  439  479  514  545  570  583  600  603  607
  609  618  623  623  619  632  665  712  752  781  778  754  719  686  662  649
  645  647  657  655  628  586  530  469  423  391  369  351  331  300  269  253
  252  260  267  271  277  284  290  293  293  291  290  282  269  253  240  223
  201  180  161  150  141  131  121  117  125
     5.0-180.0 180.0   5.0 450.0                            LAT/LON1/LON2/DLON/H
  132  160  202  251  305  360  410  456  502  544  580  607  624  642  649  654
  664  678  682  683  679  688  713  745  768  776  759  728  693  665  655  653
  660  677  696  698  678  640  585  520  465  424  391  362  337  305  280  270
  272  280  286  291  295  298  299  298  298  296  293  285  270  253  243  231
  206  181  159  148  140  133  125  122  132
     2.5-180.0 180.0   5.0 450.0                            LAT/LON1/LON2/DLON/H
  139  168  211  259  312  365  417  468  516  563  603  639  662  681  698  706
  719  734  740  742  739  743  756  773  780  770  743  710  685  675  681  699
  723  751  775  773  749  711  654  586  520  471  428  398  374  348  340  332
  335  345  345  351  348  341  335  326  325  321  312  299  280  265  256  246
  221  190  164  150  142  136  129  126  139
