sample_data/IGS0OPSFIN_20240350000_01D_02H_GIM.INX
     1.0            IONOSPHERE MAPS     MIX                 IONEX VERSION / TYPE
cmpcmb v1.2          GRL/UWM            20-feb-24 17:19     PGM / RUN BY / DATE 
ionex file containing IGS COMBINED Ionosphere maps          COMMENT             
global ionosphere maps for day 035, 2024                    DESCRIPTION         
IONEX file containing the COMBINED IGS TEC MAPS and DCBs    DESCRIPTION         
      IONEX files of the following IAACs were combined: cod DESCRIPTION         
                                                        jpl DESCRIPTION         
                                                        upc DESCRIPTION         
Contact address: Andrzej Krankowski                         DESCRIPTION
                 Geodynamics Research Laboratory            DESCRIPTION
                 University of Warmia and Mazury (GRL/UWM)  DESCRIPTION
                 Oczapowski St. 1                           DESCRIPTION
                 10-957-Olsztyn, POLAND                     DESCRIPTION
                 e-mail:  kand@uwm.edu.pl                   DESCRIPTION
                                                            DESCRIPTION         
  2024     2     4     0     0     0                        EPOCH OF FIRST MAP  
  2024     2     5     0     0     0                        EPOCH OF LAST MAP   
  7200                                                      INTERVAL            
    13                                                      # OF MAPS IN FILE   
  COSZ                                                      MAPPING FUNCTION    
     0.0                                                    ELEVATION CUTOFF    
combined TEC calculated as weighted mean of input TEC valuesOBSERVABLES USED    
   303                                                      # OF STATIONS       
    32                                                      # OF SATELLITES     
  6371.0                                                    BASE RADIUS         
     2                                                      MAP DIMENSION       
   450.0 450.0   0.0                                        HGT1 / HGT2 / DHGT  
    87.5 -87.5  -2.5                                        LAT1 / LAT2 / DLAT  
  -180.0 180.0   5.0                                        LON1 / LON2 / DLON  
    -1                                                      EXPONENT            
TEC values in 0.1 tec units;  9999, if no value available   COMMENT             
DCB values in nanoseconds, reference is Sum_of_SatDCBs = 0  COMMENT             
                                                            END OF HEADER       
     1                                                      START OF TEC MAP    
  2024     2     4     0     0     0                        EPOCH OF CURRENT MAP
    87.5-180.0 180.0   5.0 450.0                            LAT/LON1/LON2/DLON/H
  144  145  145  146  148  149  149  150  150  150  150  151  151  151  151  151
  149  149  147  147  145  144  142  140  138  137  135  132  129  126  124  121
  121  115  112  110  109  108  107  104  107  105  105  107  107  107  111  112
  114  115  115  118  119  121  122  123  125  125  126  128  128  129  130  131
  133  134  136  137  138  139  141  142  144
    85.0-180.0 180.0   5.0 450.0                            LAT/LON1/LON2/DLON/H
  165  167  170  174  175  177  178  179  179  178  178  178  178  177  177  176
  174  173  171  169  167  162  156  150  146  140  137  133  130  129  122  119
  114  107  103   95   92   90   86   82   81   79   77   77   78   80   82   85
   87   94   97  103  107  110  114  117  119  122  124  127  129  131  134  137
  140  142  146  148  151  155  157  161  165
    82.5-180.0 180.0   5.0 450.0                            LAT/LON1/LON2/DLON/H
  183  186  188  188  190  192  196  198  201  202  204  204  204  202  201  198
  196  193  191  189  183  177  168  157  163  161  163  156  147  136  129  119
  113  103   98   89   85   78   74   71   68   66   66   66   68   70   72   75
   79   84   90   95  101  105  110  114  118  122  125  128  131  134  138  142
  145  148  152  156  161  166  173  178  183
    80.0-180.0 180.0   5.0 450.0                            LAT/LON1/LON2/DLON/H
  187  189  193  198  205  209  217  221  224  225  226  227  225  226  224  222
  218  214  210  204  197  192  179  190  185  176  168  163  156  148  142  132
  124  115  106   99   93   83   77   72   67   66   65   66   67   70   73   77
   82   87   92   98  103  109  113  117  120  123  126  128  132  135  138  142
  146  149  154  160  165  171  179  184  187
    77.5-180.0 180.0   5.0 450.0                            LAT/LON1/LON2/DLON/H
  193  199  206  220  232  246  255  256  266  266  263  260  249  240  231  226
  230  228  220  213  211  210  193  199  194  191  189  183  177  168  159  149
  139  129  119  107  101   92   86   81   77   74   72   73   75   77   79   83
   89   94   99  104  109  114  118  121  122  123  125  127  129  132  135  139
  143  147  153  159  167  174  183  189  193
    75.0-180.0 180.0   5.0 450.0                            LAT/LON1/LON2/DLON/H
  207  213  226  242  258  273  284  290  289  282  272  266  258  244  239  227
  214  212  204  202  202  194  189  190  196  201  193  192  191  185  177  166
  153  143  133  123  116  106   99   93   89   87   85   85   85   89   91   94
   98  103  108  111  115  117  119  120  120  120  120  121  123  126  130  135
  141  147  154  162  171  181  192  199  207
    72.5-180.0 180.0   5.0 450.0                            LAT/LON1/LON2/DLON/H
  226  235  245  262  278  292  305  312  309  303  297  282  258  245  229  211
  199  190  184  179  172  171  173  179  181  189  191  187  185  184  180  171
  161  154  144  135  130  120  113  107  103   98   96   95   96   98  101  103
  108  112  115  116  117  116  116  114  112  111  111  112  114  120  126  134
  143  152  161  173  182  195  208  217  226
    70.0-180.0 180.0   5.0 450.0                            LAT/LON1/LON2/DLON/H
  244  255  266  282  297  312  325  333  333  327  321  297  272  252  231  206
  189  170  160  154  150  152  155  160  165  170  174  175  174  172  167  162
  154  148  145  139  136  126  121  116  111  107  104  102  101  102  104  107
  110  115  116  116  115  112  108  105  102   99   98  100  104  114  124  138
  151  162  175  190  200  214  225  235  244
    67.5-180.0 180.0   5.0 450.0                            LAT/LON1/LON2/DLON/H
  262  273  284  296  311  328  344  352  352  352  344  325  300  273  242  213
  184  164  153  143  138  140  142  147  148  153  156  158  157  154  150  144
  138  130  127  125  123  119  115  111  107  103  100   97   94   93   93   98
  101  106  108  109  107  104   99   94   90   88   88   91  100  111  126  144
  161  176  192  208  222  234  245  254  262
    65.0-180.0 180.0   5.0 450.0                            LAT/LON1/LON2/DLON/H
  281  288  297  307  323  344  358  363  367  369  362  346  323  299  267  230
  199  176  164  147  142  141  141  144  143  143  142  141  138  133  127  123
  115  107  103   98   98   96   98   94   92   88   86   82   79   78   79   84
   88   93   96   99   97   94   89   84   80   78   81   86   98  112  133  152
  171  191  211  229  244  257  266  275  281
    62.5-180.0 180.0   5.0 450.0                            LAT/LON1/LON2/DLON/H
  298  303  310  317  331  347  362  370  376  377  371  358  339  319  291  259
  229  202  182  164  158  152  147  146  143  141  130  126  120  113  107   99
   89   82   78   73   73   72   76   75   74   73   72   69   68   68   70   74
   78   82   86   88   87   83   78   74   72   72   77   86  100  117  139  160
  183  205  229  250  265  277  286  293  298
    60.0-180.0 180.0   5.0 450.0                            LAT/LON1/LON2/DLON/H
  310  314  319  326  333  345  358  370  376  376  370  360  348  332  312  286
  261  232  208  189  177  167  157  150  141  134  121  114  107  100   91   83
   74   68   65   59   59   58   60   62   64   65   64   64   63   63   65   68
   72   75   79   79   77   73   69   66   67   71   79   90  107  126  148  170
  193  218  242  265  280  292  301  306  310
    57.5-180.0 180.0   5.0 450.0                            LAT/LON1/LON2/DLON/H
  321  324  329  332  334  345  356  365  369  369  366  359  352  342  327  308
  285  259  237  214  196  183  168  155  141  128  117  108  103   97   91   82
   76   69   63   58   56   54   55   59   61   63   64   64   63   63   64   67
   70   73   75   74   70   66   63   62   65   72   83   97  116  138  159  182
  202  226  250  272  288  300  309  315  321
    55.0-180.0 180.0   5.0 450.0                            LAT/LON1/LON2/DLON/H
  330  335  340  343  343  350  358  364  365  364  361  356  352  347  337  322
  302  279  254  229  212  197  178  161  145  131  118  109  107  105  101   94
   88   82   74   68   63   62   62   65   68   70   71   72   70   69   68   70
   73   75   76   74   70   65   61   62   68   77   91  108  128  151  171  193
  213  232  253  271  289  304  314  323  330
    52.5-180.0 180.0   5.0 450.0                            LAT/LON1/LON2/DLON/H
  339  348  355  358  359  364  369  368  367  363  356  352  351  348  341  329
  311  288  265  240  220  204  184  166  151  137  125  119  117  119  116  110
  105   99   91   85   80   78   78   79   80   83   84   84   82   82   80   81
   81   82   83   81   76   70   66   67   74   86  103  123  142  164  182  202
  219  235  252  271  286  301  316  327  339
    50.0-180.0 180.0   5.0 450.0                            LAT/LON1/LON2/DLON/H
  348  362  370  377  382  384  384  379  374  366  354  349  349  349  342  331
  313  289  266  243  224  209  191  174  159  146  137  132  131  132  131  126
  121  115  109  104  100   99   97   97   97   98   99   98   98   97   96   96
   95   96   95   91   85   79   76   77   83   97  117  139  157  176  192  207
  222  236  251  268  284  298  313  332  348
    47.5-180.0 180.0   5.0 450.0                            LAT/LON1/LON2/DLON/H
  361  379  389  397  405  406  404  397  387  376  361  353  352  351  345  331
  310  287  262  244  227  213  198  184  170  158  150  144  142  141  138  134
  128  124  121  120  118  117  115  114  113  113  114  114  114  113  112  114
  114  113  110  106   99   92   89   89   97  110  130  153  170  186  198  210
  224  238  252  267  282  298  315  336  361
    45.0-180.0 180.0   5.0 450.0                            LAT/LON1/LON2/DLON/H
  372  393  406  416  424  427  427  418  406  391  374  362  358  355  349  332
  309  285  261  245  231  219  206  195  183  171  160  153  148  142  136  132
  127  124  126  130  131  132  129  126  124  125  127  128  129  129  130  132
  133  133  130  124  116  107  102  102  109  122  142  165  180  194  204  215
  229  243  258  272  286  301  320  345  372
    42.5-180.0 180.0   5.0 450.0                            LAT/LON1/LON2/DLON/H
  382  402  416  428  436  442  443  436  424  408  389  374  366  363  353  337
  313  286  265  250  239  229  218  208  196  184  170  160  150  138  132  128
  123  124  128  135  139  140  137  134  131  132  135  138  140  141  144  147
  149  150  146  139  130  121  115  113  119  133  153  175  189  200  210  221
  235  252  268  281  295  309  328  355  382
    40.0-180.0 180.0   5.0 450.0                            LAT/LON1/LON2/DLON/H
  383  404  419  432  440  447  451  448  439  424  402  386  377  372  361  344
  318  295  277  262  251  241  230  220  208  195  181  168  155  142  134  127
  123  127  131  138  143  143  140  137  136  138  140  144  147  149  153  158
  161  161  156  148  139  129  122  119  126  141  163  184  197  206  216  229
  244  261  280  295  308  320  337  358  383
    37.5-180.0 180.0   5.0 450.0                            LAT/LON1/LON2/DLON/H
  379  400  417  431  437  445  452  452  447  435  413  396  388  382  370  352
  331  309  294  280  267  253  240  229  218  207  194  182  169  155  145  137
  134  137  138  142  146  145  142  140  141  142  144  147  150  152  156  162
  164  163  158  149  140  130  122  120  128  147  173  193  207  215  225  240
  256  273  294  310  323  333  346  360  379
    35.0-180.0 180.0   5.0 450.0                            LAT/LON1/LON2/DLON/H
  378  395  413  426  431  439  447  450  447  435  420  405  397  391  379  363
  344  327  311  297  280  261  246  235  227  221  214  205  193  182  173  165
  159  157  157  158  156  151  148  147  147  148  151  151  151  151  154  160
  159  156  151  142  132  122  116  117  128  152  180  202  217  226  238  253
  270  288  308  324  337  346  355  365  378
    32.5-180.0 180.0   5.0 450.0                            LAT/LON1/LON2/DLON/H
  385  399  415  426  429  434  443  446  443  433  421  409  403  397  388  375
  359  342  326  308  286  263  245  236  238  238  239  239  232  223  221  214
  206  197  198  188  179  166  161  159  155  157  157  154  152  148  149  151
  149  146  140  130  119  110  107  113  129  156  186  210  228  240  252  268
  284  302  320  336  350  360  368  377  385
    30.0-180.0 180.0   5.0 450.0                            LAT/LON1/LON2/DLON/H
  406  416  431  440  440  442  450  450  445  435  423  411  405  399  394  384
  371  352  334  310  282  257  241  240  253  259  270  283  288  287  289  284
  274  261  249  234  218  187  177  173  169  165  163  157  151  144  142  141
  142  139  130  119  107  100   99  107  127  158  190  218  240  255  269  285
  300  315  332  348  365  377  387  397  406
    27.5-180.0 180.0   5.0 450.0                            LAT/LON1/LON2/DLON/H
  440  455  470  480  478  474  473  468  458  446  433  419  410  402  397  388
  376  357  333  304  272  248  239  250  276  296  314  337  357  378  373  363
  356  337  312  279  255  211  191  183  178  171  166  159  152  143  138  136
  137  133  122  109   98   92   92  102  125  158  195  227  253  273  288  304
  317  331  347  365  385  400  415  428  440
    25.0-180.0 180.0   5.0 450.0                            LAT/LON1/LON2/DLON/H
  494  519  547  550  541  529  516  508  492  477  457  440  424  413  403  392
  374  353  325  294  264  248  248  275  315  350  372  398  421  456  457  461
  439  404  363  317  288  236  209  195  186  176  168  160  154  144  138  135
  134  128  115  101   91   84   86   97  123  162  203  237  264  288  307  325
  338  351  368  390  412  434  453  475  494
    22.5-180.0 180.0   5.0 450.0                            LAT/LON1/LON2/DLON/H
  568  608  651  651  633  610  585  571  552  535  513  480  456  438  419  396
  373  347  317  288  267  266  282  327  380  418  438  459  478  512  522  514
  484  439  394  346  315  261  230  209  193  180  171  163  155  146  139  134
  129  121  107   92   81   76   79   93  124  169  212  247  277  304  328  349
  364  376  394  421  447  475  502  532  568
    20.0-180.0 180.0   5.0 450.0                            LAT/LON1/LON2/DLON/H
  646  707  774  775  747  715  690  666  641  621  592  547  512  480  446  411
  379  347  318  297  291  311  348  408  467  506  519  525  513  528  539  524
  485  440  392  346  316  269  242  216  196  181  174  167  159  150  141  133
  124  114  100   87   77   72   77   96  131  178  223  260  292  321  348  375
  393  407  425  454  483  515  550  592  646
    17.5-180.0 180.0   5.0 450.0                            LAT/LON1/LON2/DLON/H
  719  807  880  893  865  818  796  779  763  729  700  635  588  539  494  446
  403  366  339  329  343  383  440  510  571  609  618  580  519  505  506  486
  442  405  360  319  295  259  236  216  193  179  174  170  163  155  145  134
  121  110   98   87   77   73   82  105  143  192  239  277  309  340  371  401
  426  441  462  490  521  556  596  647  719
    15.0-180.0 180.0   5.0 450.0                            LAT/LON1/LON2/DLON/H
  763  860  950  978  958  909  879  875  885  860  810  751  683  622  565  505
  453  414  391  395  412  469  542  617  671  690  663  577  473  442  433  412
  378  349  311  279  262  241  225  209  191  180  175  170  167  160  151  138
  123  111  100   90   81   79   90  117  160  209  257  295  328  361  397  429
  456  476  505  530  563  598  638  691  763
    12.5-180.0 180.0   5.0 450.0                            LAT/LON1/LON2/DLON/H
  786  875  959  993  987  952  932  943  968  967  927  863  786  718  655  586
  529  492  479  480  505  557  619  686  726  717  636  508  397  369  352  328
  305  290  270  254  246  236  227  215  199  186  179  175  173  167  157  142
  125  113  104   94   86   85   98  128  173  223  271  312  346  381  417  453
  482  506  539  567  604  637  672  722  786
    10.0-180.0 180.0   5.0 450.0                            LAT/LON1/LON2/DLON/H
  794  865  933  965  962  944  937  958  999 1025 1007  949  876  815  747  679
  622  591  583  592  621  654  682  712  721  671  567  434  340  307  279  259
  252  259  255  254  254  251  245  235  213  198  189  185  179  172  161  145
  130  117  108  100   92   91  106  138  182  233  281  323  361  397  432  468
  500  530  561  591  627  662  696  739  794
     7.5-180.0 180.0   5.0 450.0                            LAT/LON1/LON2/DLON/H
  789  847  894  916  911  899  902  928  978 1023 1027  987  932  879  829  780
  719  697  698  708  729  743  734  711  673  583  472  367  295  252  228  222
  238  259  271  277  281  278  274  262  236  216  202  195  186  177  162  148
  135  125  117  107  100  100  116  148  192  241  288  331  370  407  442  480
  512  541  572  604  639  674  709  744  789
     5.0-180.0 180.0   5.0 450.0                            LAT/LON1/LON2/DLON/H
  779  819  850  862  858  848  851  876  923  973  987  971  940  907  880  851
  813  797  797  807  811  794  750  679  593  482  381  306  246  217  205  226
  262  293  314  319  323  312  303  290  264  241  219  208  197  183  167  155
  146  140  130  119  111  111  128  159  202  248  293  337  378  413  446  484
  516  542  571  603  639  676  711  743  779
     2.5-180.0 180.0   5.0 450.0                            LAT/LON1/LON2/DLON/H
  771  802  817  822  819  811  809  828  864  904  922  919  907  894  893  888
  877  867  862  865  849  795  716  615  495  379  297  243  206  204  225  272
  326  359  382  383  379  359  342  322  295  263  234  218  205  190  175  167
  163  159  148  135  124  124  140  171  211  254  298  341  382  414  443  476
  507  532  562  594  629  667  706  740  771
