sample_data/IGS0OPSFIN_20240350000_01D_02H_GIM.INX
     1.0            IONOSPHERE MAPS     MIX                 IONEX VERSION / TYPE
cmpcmb v1.2          GRL/UWM            20-feb-24 17:19     PGM / RUN BY / DATE 
ionex file containing IGS COMBINED Ionosphere maps          COMMENT             
global ionosphere maps for day 035, 2024                    DESCRIPTION         
IONEX file containing the COMBINED IGS TEC MAPS and DCBs    DESCRIPTION         
      IONEX files of the following IAACs were combined: cod DESCRIPTION         
                                                        jpl DESCRIPTION         
                                                        upc DESCRIPTION         
Contact address: Andrzej Krankowski                         DESCRIPTION
                 Geodynamics Research Laboratory            DESCRIPTION
                 University of Warmia and Mazury (GRL/UWM)  DESCRIPTION
                 Oczapowski St. 1                           DESCRIPTION
                 10-957-Olsztyn, POLAND                     DESCRIPTION
                 e-mail:  kand@uwm.edu.pl                   DESCRIPTION
                                                            DESCRIPTION         
  2024     2     4     0     0     0                        EPOCH OF FIRST MAP  
  2024     2     5     0     0     0                        EPOCH OF LAST MAP   
  7200                                                      INTERVAL            
    13                                                      # OF MAPS IN FILE   
  COSZ                                                      MAPPING FUNCTION    
     0.0                                                    ELEVATION CUTOFF    
combined TEC calculated as weighted mean of input TEC valuesOBSERVABLES USED    
   303                                                      # OF STATIONS       
    32                                                      # OF SATELLITES     
  6371.0                                                    BASE RADIUS         
     2                                                      MAP DIMENSION       
   450.0 450.0   0.0                                        HGT1 / HGT2 / DHGT  
    87.5 -87.5  -2.5                                        LAT1 / LAT2 / DLAT  
  -180.0 180.0   5.0                                        LON1 / LON2 / DLON  
    -1                                                      EXPONENT            
TEC values in 0.1 tec units;  9999, if no value available   COMMENT             
DCB values in nanoseconds, reference is Sum_of_SatDCBs = 0  COMMENT             
                                                            END OF HEADER       
[from data line 1287]
     4                                                      START OF TEC MAP    
  2024     2     4     6     0     0                        EPOCH OF CURRENT MAP
    87.5-180.0 180.0   5.0 450.0                            LAT/LON1/LON2/DLON/H
  142  141  140  138  137  136  135  134  133  132  131  130  129  129  128  127
  127  126  125  124  123  122  121  120  120  120  122  123  124  125  126  127
  128  130  131  132  133  134  135  135  137  138  139  140  142  143  144  145
  145  146  147  147  148  147  148  148  149  149  150  150  149  150  149  150
  149  149  148  147  147  146  145  143  142
    85.0-180.0 180.0   5.0 450.0                            LAT/LON1/LON2/DLON/H
  139  136  134  131  130  128  126  126  124  125  124  122  122  120  119  117
  116  113  113  111  110  110  110  109  111  112  113  114  114  114  114  115
  116  116  118  120  122  124  127  129  131  134  137  140  143  146  150  153
  156  158  159  160  162  163  164  165  166  167  168  168  168  167  166  164
  163  160  158  155  151  149  145  142  139
    82.5-180.0 180.0   5.0 450.0                            LAT/LON1/LON2/DLON/H
  135  129  126  123  121  120  120  121  121  121  121  120  119  117  114  112
  109  108  107  105   99   97  100  105  106  105  104  103  105  106  108  109
  111  111  114  115  117  121  123  127  130  134  137  141  145  150  155  160
  165  167  170  172  174  176  179  181  183  185  187  187  186  184  182  179
  176  172  168  163  157  152  145  139  135
    80.0-180.0 180.0   5.0 450.0                            LAT/LON1/LON2/DLON/H
  129  123  118  117  116  117  117  119  120  120  119  117  115  112  108  107
  104  101  100   98   98   96   99   95   88   91   95   96   99  102  104  107
  110  111  114  116  117  119  122  124  126  130  134  139  145  151  159  165
  171  177  180  182  186  190  194  198  201  204  206  206  205  203  200  196
  192  186  178  171  163  154  144  136  129
    77.5-180.0 180.0   5.0 450.0                            LAT/LON1/LON2/DLON/H
  127  120  115  111  109  110  112  114  111  112  112  110  108  106  105  105
  104  102  100   96   94   94   92   99   96   95   94   97  103  107  109  111
  112  114  116  118  119  120  120  122  124  126  131  136  143  151  161  171
  177  185  192  196  202  207  212  216  220  224  226  227  227  226  223  218
  211  205  194  184  173  161  147  137  127
    75.0-180.0 180.0   5.0 450.0                            LAT/LON1/LON2/DLON/H
  131  121  112  106  105  106  106  106  106  107  108  109  108  108  105  100
  100  101  100  100   99   99  100  100  102  106  104  107  109  111  115  119
  122  123  123  122  120  118  117  116  116  119  123  131  139  151  163  177
  188  198  206  213  219  225  230  235  240  243  247  248  249  249  246  242
  235  225  216  202  188  172  158  142  131
    72.5-180.0 180.0   5.0 450.0                            LAT/LON1/LON2/DLON/H
  138  123  111  105  103  101  101  102  104  106  107  106  105  102  100  104
  101   99   99  100  102  104  106  106  106  109  112  114  118  122  125  127
  129  129  128  124  118  113  108  105  105  109  116  125  137  150  167  184
  201  212  223  230  237  243  248  254  258  262  267  269  271  271  270  267
  260  249  236  224  208  190  174  155  138
    70.0-180.0 180.0   5.0 450.0                            LAT/LON1/LON2/DLON/H
  149  129  114  105  101   98   97   98  101  103  104  103  101   99   99   98
   99  102  103  100  105  106  109  108  110  112  117  122  127  130  133  137
  136  134  129  121  112  104   96   91   92   97  107  120  136  153  172  196
  215  229  239  248  255  261  266  271  275  280  285  289  291  293  292  288
  280  269  256  242  226  209  188  169  149
    67.5-180.0 180.0   5.0 450.0                            LAT/LON1/LON2/DLON/H
  160  140  120  106   98   96   94   94   97  100  101  101  100   97   96   95
   99  101  103  103  106  107  107  109  112  115  121  128  134  138  142  142
  140  135  125  115  102   91   83   78   80   87  100  116  136  157  183  207
  230  244  257  266  272  278  282  286  290  295  300  304  308  309  308  302
  295  282  269  255  238  221  202  181  160
    65.0-180.0 180.0   5.0 450.0                            LAT/LON1/LON2/DLON/H
  171  149  128  109  100   93   90   90   93   97   99   99   98   94   94   93
   94   97  100  103  105  107  107  110  112  116  122  131  137  143  144  142
  135  125  114   99   87   76   70   67   69   80   96  117  141  168  194  222
  243  261  274  283  288  292  295  298  301  305  310  314  317  317  315  309
  300  287  274  259  246  229  212  193  171
    62.5-180.0 180.0   5.0 450.0                            LAT/LON1/LON2/DLON/H
  181  159  135  113  101   91   86   85   89   92   94   95   93   90   90   88
   90   93   96  101  104  107  108  110  111  115  120  129  135  137  134  131
  119  105   96   82   71   63   60   60   67   80   99  125  151  181  212  237
  260  277  290  297  301  304  306  307  309  312  315  318  320  320  315  307
  295  284  270  259  245  232  217  201  181
    60.0-180.0 180.0   5.0 450.0                            LAT/LON1/LON2/DLON/H
  188  166  142  119  101   88   81   80   83   86   87   89   88   86   85   85
   88   91   94  101  106  106  107  106  108  109  113  118  120  120  118  109
   99   88   77   67   59   55   55   60   71   89  110  137  169  198  228  254
  276  294  304  313  315  315  314  314  314  316  316  319  318  317  310  302
  289  276  263  251  241  230  219  204  188
    57.5-180.0 180.0   5.0 450.0                            LAT/LON1/LON2/DLON/H
  192  173  149  124  102   87   77   75   77   80   82   84   84   82   82   83
   86   90   93   99  103  100  100   97   96   95   99  101  104  103  101   94
   84   74   66   59   55   54   57   66   82  103  129  158  187  218  247  272
  294  312  321  325  325  324  321  321  319  318  317  316  314  312  305  295
  282  268  255  243  235  228  219  207  192
    55.0-180.0 180.0   5.0 450.0                            LAT/LON1/LON2/DLON/H
  196  177  154  128  105   87   76   72   72   75   78   79   80   80   80   83
   87   90   94   96   98   94   91   87   84   85   88   91   96   95   92   87
   78   70   64   59   57   59   66   79  100  123  150  177  208  239  264  289
  313  326  333  335  333  331  328  326  324  321  315  313  310  307  300  290
  277  262  249  239  231  226  219  209  196
    52.5-180.0 180.0   5.0 450.0                            LAT/LON1/LON2/DLON/H
  198  180  159  134  112   92   79   73   72   72   75   76   77   78   80   84
   88   92   96   97   96   93   90   85   82   84   87   92   96   95   91   87
   80   75   71   68   68   71   79   95  116  143  172  199  226  255  280  306
  325  338  343  342  339  337  334  330  325  319  312  308  305  303  298  289
  275  262  248  238  231  225  218  211  198
    50.0-180.0 180.0   5.0 450.0                            LAT/LON1/LON2/DLON/H
  200  185  165  144  124  105   88   80   76   73   74   75   76   78   80   85
   89   94   98  100  100   98   94   91   90   90   94   99  102  100   97   94
   91   88   85   83   82   86   93  110  133  162  190  216  243  269  295  318
  336  348  351  350  346  343  339  333  325  318  310  306  303  301  298  289
  278  266  253  242  233  226  218  209  200
    47.5-180.0 180.0   5.0 450.0                            LAT/LON1/LON2/DLON/H
  200  188  174  158  141  121  104   92   84   78   77   77   78   79   82   85
   91   96  100  104  106  106  104  102  102  102  104  109  110  109  106  105
  104  105  104  102  100  101  109  126  148  178  205  231  256  280  304  327
  344  354  358  356  354  350  346  338  330  321  312  306  303  301  297  292
  284  273  262  249  236  226  217  210  200
    45.0-180.0 180.0   5.0 450.0                            LAT/LON1/LON2/DLON/H
  198  190  181  171  158  141  123  109   97   88   85   83   83   84   85   87
   91   96  101  109  114  117  119  118  117  117  117  119  118  117  116  116
  119  123  123  119  117  117  122  138  163  192  220  244  267  289  313  335
  351  359  362  362  361  357  352  345  336  327  317  310  305  302  299  295
  290  282  271  258  243  227  217  207  198
    42.5-180.0 180.0   5.0 450.0                            LAT/LON1/LON2/DLON/H
  193  187  184  180  172  160  143  127  113  102   96   93   91   90   90   91
   93   98  104  115  123  131  135  136  134  131  129  128  126  124  123  126
  131  137  139  135  131  129  135  150  176  206  231  255  277  299  323  345
  359  366  367  367  365  362  356  349  342  333  324  315  310  305  301  297
  294  287  277  265  248  230  213  201  193
    40.0-180.0 180.0   5.0 450.0                            LAT/LON1/LON2/DLON/H
  184  179  178  180  180  174  159  143  127  116  108  104  102  100   98   97
   98  104  111  123  134  145  153  154  152  148  143  138  134  129  128  132
  140  147  150  147  141  138  144  161  188  217  245  266  286  308  332  353
  366  373  373  371  368  365  360  356  349  341  333  325  317  310  303  300
  296  291  281  266  250  231  212  195  184
    37.5-180.0 180.0   5.0 450.0                            LAT/LON1/LON2/DLON/H
  176  167  167  171  176  174  164  150  135  126  119  116  113  111  108  107
  106  112  120  133  147  159  169  172  168  163  155  149  143  136  134  137
  143  151  154  151  146  144  152  172  202  233  258  277  296  316  340  360
  373  380  381  378  375  372  370  368  361  354  348  339  330  320  311  306
  303  296  288  273  255  233  212  191  176
    35.0-180.0 180.0   5.0 450.0                            LAT/LON1/LON2/DLON/H
  172  158  153  156  159  160  155  145  135  128  125  124  123  122  119  117
  117  123  131  145  158  171  181  185  182  175  167  160  153  144  139  140
  143  149  152  150  147  148  160  185  217  248  271  288  303  323  346  366
  381  389  391  391  392  392  390  387  382  375  369  361  350  339  327  321
  317  311  305  291  271  245  221  193  172
    32.5-180.0 180.0   5.0 450.0                            LAT/LON1/LON2/DLON/H
  182  158  143  139  137  138  136  131  125  123  123  125  128  129  129  127
  128  135  143  155  166  176  185  191  189  184  178  172  164  154  147  143
  143  147  149  149  147  152  169  196  230  258  280  295  312  330  352  374
  391  401  408  414  422  425  424  422  416  407  402  393  384  370  357  351
  345  341  337  323  305  275  243  211  182
    30.0-180.0 180.0   5.0 450.0                            LAT/LON1/LON2/DLON/H
  211  176  150  131  121  116  114  113  111  112  114  119  126  130  133  135
  136  142  148  158  166  174  183  191  192  189  187  186  179  169  160  152
  148  149  148  148  148  155  174  205  237  266  286  302  319  338  361  385
  405  421  438  455  469  477  477  476  465  455  449  440  433  418  405  399
  394  392  390  377  359  327  291  253  211
    27.5-180.0 180.0   5.0 450.0                            LAT/LON1/LON2/DLON/H
  272  220  178  147  123  112  104  102  101  102  105  111  119  125  131  137
  142  146  150  157  160  166  175  186  192  192  197  204  199  191  181  169
  161  156  151  148  148  157  179  211  244  272  292  309  327  348  376  403
  430  456  484  513  534  549  551  552  531  517  510  502  495  483  470  465
  460  463  462  454  438  405  369  327  272
    25.0-180.0 180.0   5.0 450.0                            LAT/LON1/LON2/DLON/H
  368  303  242  197  159  135  121  115  108  106  104  106  111  117  124  134
  141  149  150  151  150  155  167  184  196  203  212  222  220  216  207  191
  177  166  154  147  147  158  182  215  247  275  297  317  339  362  396  433
  469  504  539  578  614  635  643  641  613  588  579  571  564  556  546  542
  536  544  546  549  535  504  472  431  368
    22.5-180.0 180.0   5.0 450.0                            LAT/LON1/LON2/DLON/H
  489  421  357  287  234  202  180  166  147  133  121  114  111  111  117  128
  138  148  147  145  139  147  162  189  211  224  231  239  240  237  228  212
  193  175  159  148  146  156  180  214  247  277  304  327  352  383  427  472
  514  554  594  640  682  706  718  715  691  661  646  638  632  629  623  619
  616  626  632  640  620  604  587  549  489
    20.0-180.0 180.0   5.0 450.0                            LAT/LON1/LON2/DLON/H
  604  549  486  409  351  316  286  263  229  199  171  143  126  117  114  123
  137  149  146  139  133  146  169  205  234  249  248  249  250  249  242  227
  205  184  164  147  143  152  174  209  246  280  310  341  374  412  461  511
  555  597  639  679  719  747  758  755  744  721  709  703  698  695  685  688
  689  698  706  712  700  694  675  648  604
    17.5-180.0 180.0   5.0 450.0                            LAT/LON1/LON2/DLON/H
  697  649  600  544  494  464  441  403  359  311  261  201  161  143  130  133
  145  153  147  138  133  152  185  223  256  267  259  252  250  251  248  229
  207  186  165  145  137  146  170  206  247  286  324  360  400  444  494  544
  588  630  669  701  732  759  772  776  774  769  766  764  759  752  744  745
  745  753  758  760  752  750  739  720  697
    15.0-180.0 180.0   5.0 450.0                            LAT/LON1/LON2/DLON/H
  740  709  669  639  627  601  579  548  503  440  377  292  231  197  175  163
  168  170  161  145  143  170  209  246  272  277  264  247  240  242  239  221
  199  181  159  139  132  141  168  206  252  296  338  380  425  472  521  567
  612  648  681  707  732  753  771  785  796  805  809  809  805  798  787  780
  779  783  787  786  779  775  767  755  740
    12.5-180.0 180.0   5.0 450.0                            LAT/LON1/LON2/DLON/H
  744  724  700  687  702  706  698  671  636  575  499  417  332  282  248  221
  215  208  195  173  169  199  239  271  288  284  262  237  224  224  219  205
  188  173  153  135  129  139  170  213  262  308  354  398  444  491  538  581
  622  656  680  700  719  740  761  785  807  822  828  832  830  821  806  794
  787  791  792  791  783  772  763  756  744
    10.0-180.0 180.0   5.0 450.0                            LAT/LON1/LON2/DLON/H
  721  702  684  680  705  737  748  739  710  658  596  523  437  378  337  304
  286  271  256  229  221  242  271  296  301  286  257  226  212  207  200  191
  178  167  149  134  131  144  179  224  272  322  368  410  456  501  543  587
  623  650  670  687  701  722  747  776  802  819  827  831  831  822  803  787
  781  782  782  779  767  754  743  732  721
     7.5-180.0 180.0   5.0 450.0                            LAT/LON1/LON2/DLON/H
  686  664  640  630  652  691  713  721  712  678  633  580  517  464  427  394
  369  353  336  300  286  291  304  315  308  282  246  218  205  198  190  180
  171  162  148  137  136  154  188  232  282  331  376  419  462  504  545  583
  612  636  655  671  686  707  735  764  791  808  814  817  819  810  792  775
  765  765  769  766  752  735  717  704  686
     5.0-180.0 180.0   5.0 450.0                            LAT/LON1/LON2/DLON/H
  658  626  592  564  564  595  620  631  639  630  604  573  547  518  494  472
  442  425  410  377  351  337  328  320  303  272  236  211  203  196  186  174
  167  161  153  145  146  161  194  240  288  336  380  421  461  500  536  571
  596  620  641  661  681  705  733  760  786  798  799  801  806  795  780  763
  757  759  761  760  747  728  705  684  658
     2.5-180.0 180.0   5.0 450.0                            LAT/LON1/LON2/DLON/H
  652  609  558  509  483  488  505  505  522  524  508  506  513  508  511  504
  492  477  466  437  401  366  336  315  291  260  230  212  206  201  191  176
  168  166  161  156  158  174  207  249  293  337  377  415  453  488  521  552
  579  606  632  660  687  714  740  763  785  789  787  790  794  785  772  759
  756  762  763  764  751  732  709  684  652
