sample_data/IGS0OPSFIN_20240350000_01D_02H_GIM.INX
     1.0            IONOSPHERE MAPS     MIX                 IONEX VERSION / TYPE
cmpcmb v1.2          GRL/UWM            20-feb-24 17:19     PGM / RUN BY / DATE 
ionex file containing IGS COMBINED Ionosphere maps          COMMENT             
global ionosphere maps for day 035, 2024                    DESCRIPTION         
IONEX file containing the COMBINED IGS TEC MAPS and DCBs    DESCRIPTION         
      IONEX files of the following IAACs were combined: cod DESCRIPTION         
                                                        jpl DESCRIPTION         
                                                        upc DESCRIPTION         
Contact address: Andrzej Krankowski                         DESCRIPTION
                 Geodynamics Research Laboratory            DESCRIPTION
                 University of Warmia and Mazury (GRL/UWM)  DESCRIPTION
                 Oczapowski St. 1                           DESCRIPTION
                 10-957-Olsztyn, POLAND                     DESCRIPTION
                 e-mail:  kand@uwm.edu.pl                   DESCRIPTION
                                                            DESCRIPTION         
  2024     2     4     0     0     0                        EPOCH OF FIRST MAP  
  2024     2     5     0     0     0                        EPOCH OF LAST MAP   
  7200                                                      INTERVAL            
    13                                                      # OF MAPS IN FILE   
  COSZ                                                      MAPPING FUNCTION    
     0.0                                                    ELEVATION CUTOFF    
combined TEC calculated as weighted mean of input TEC valuesOBSERVABLES USED    
   303                                                      # OF STATIONS       
    32                                                      # OF SATELLITES     
  6371.0                                                    BASE RADIUS         
     2                                                      MAP DIMENSION       
   450.0 450.0   0.0                                        HGT1 / HGT2 / DHGT  
    87.5 -87.5  -2.5                                        LAT1 / LAT2 / DLAT  
  -180.0 180.0   5.0                                        LON1 / LON2 / DLON  
    -1                                                      EXPONENT            
TEC values in 0.1 tec units;  9999, if no value available   COMMENT             
DCB values in nanoseconds, reference is Sum_of_SatDCBs = 0  COMMENT             
                                                            END OF HEADER       
[from data line 2574]
     7                                                      START OF TEC MAP    
  2024     2     4    12     0     0                        EPOCH OF CURRENT MAP
    87.5-180.0 180.0   5.0 450.0                            LAT/LON1/LON2/DLON/H
  105  105  106  106  106  107  108  109  109  110  111  111  112  113  113  114
  114  114  114  114  114  115  115  115  115  115  115  114  114  113  112  112
  111  110  111  110  110  109  109  108  108  107  107  107  107  107  106  105
  105  106  106  107  106  106  106  106  106  106  106  106  106  106  105  106
  105  105  105  104  105  104  105  104  105
    85.0-180.0 180.0   5.0 450.0                            LAT/LON1/LON2/DLON/H
  101  101  103  104  106  108  111  113  115  119  120  121  123  124  125  125
  125  125  125  125  125  124  124  124  124  123  122  122  121  121  120  119
  119  118  118  117  117  116  115  115  113  112  111  112  111  110  111  111
  110  110  110  111  113  113  113  113  114  114  114  114  113  113  111  109
  109  107  106  104  102  103  101  101  101
    82.5-180.0 180.0   5.0 450.0                            LAT/LON1/LON2/DLON/H
   97   99  101  104  107  110  112  115  116  119  120  122  124  125  127  128
  129  131  133  132  129  131  130  131  127  127  128  128  127  127  127  130
  130  130  128  129  128  127  126  125  124  122  122  121  119  119  118  118
  118  119  119  120  122  124  125  126  126  127  128  127  126  124  122  119
  115  112  108  104  101   99   97   97   97
    80.0-180.0 180.0   5.0 450.0                            LAT/LON1/LON2/DLON/H
   92   94   95   98  103  107  110  113  116  120  125  129  132  134  137  137
  138  137  136  134  129  125  131  134  132  131  131  132  135  138  141  143
  146  149  151  153  152  151  148  143  139  136  134  132  129  128  126  125
  126  126  128  131  132  136  139  142  144  144  145  144  142  139  134  130
  124  118  112  106  101   97   95   93   92
    77.5-180.0 180.0   5.0 450.0                            LAT/LON1/LON2/DLON/H
   88   88   90   94   98  100  102  106  111  117  123  128  133  137  141  140
  138  137  133  133  133  132  131  130  134  135  139  142  146  154  160  165
  170  175  179  179  180  177  173  168  163  158  152  148  144  142  141  139
  138  140  142  145  149  154  158  161  163  163  163  161  157  153  148  141
  133  125  117  109  102   97   93   90   88
    75.0-180.0 180.0   5.0 450.0                            LAT/LON1/LON2/DLON/H
   84   85   85   88   87   89   92   98  105  111  116  124  131  133  134  134
  130  132  129  126  126  127  125  127  129  135  139  146  156  165  176  188
  199  205  210  211  212  211  208  199  194  187  179  174  169  167  163  163
  162  164  166  168  171  177  180  180  180  180  178  174  168  163  157  149
  141  132  122  113  104   98   92   88   84
    72.5-180.0 180.0   5.0 450.0                            LAT/LON1/LON2/DLON/H
   83   81   80   79   80   81   86   91   95  100  107  116  121  126  128  126
  125  124  122  119  120  119  120  123  128  136  146  154  164  180  191  205
  218  231  238  241  244  243  241  237  232  222  216  208  203  199  193  190
  188  188  190  194  196  197  197  195  192  189  185  178  171  165  158  151
  143  135  126  116  108  100   93   88   83
    70.0-180.0 180.0   5.0 450.0                            LAT/LON1/LON2/DLON/H
   83   81   79   76   75   77   79   82   86   90   97  105  112  118  120  121
  121  120  117  115  117  116  119  121  129  138  150  164  179  191  207  223
  236  246  258  265  267  269  269  268  262  258  253  243  238  234  226  220
  213  209  210  210  209  206  203  200  192  186  179  171  163  156  149  142
  136  131  124  116  109  102   96   89   83
    67.5-180.0 180.0   5.0 450.0                            LAT/LON1/LON2/DLON/H
   87   83   80   77   75   73   74   76   78   83   89   96  103  108  113  114
  115  115  112  113  113  113  119  121  130  141  153  169  183  200  215  232
  247  259  271  281  285  289  290  292  288  287  281  276  271  261  255  246
  239  228  224  219  213  207  197  189  180  169  160  150  142  134  128  122
  119  115  112  108  105  101   97   92   87
    65.0-180.0 180.0   5.0 450.0                            LAT/LON1/LON2/DLON/H
   89   85   80   77   74   70   69   70   73   76   80   86   92   98  103  106
  108  109  107  107  107  109  115  121  131  143  157  173  187  203  219  234
  251  266  277  289  297  301  304  306  308  307  305  302  295  285  275  264
  252  241  230  219  207  195  183  169  156  142  131  119  111  103   97   93
   91   92   92   93   95   96   94   92   89
    62.5-180.0 180.0   5.0 450.0                            LAT/LON1/LON2/DLON/H
   86   83   80   77   72   69   66   66   68   70   73   77   82   88   93   98
  100  101  100  100  101  103  109  118  131  144  158  174  190  205  222  238
  254  270  282  292  300  305  311  314  318  321  320  317  311  301  289  274
  261  245  231  214  198  180  164  146  131  114  101   89   79   71   66   61
   61   63   68   73   79   84   87   88   86
    60.0-180.0 180.0   5.0 450.0                            LAT/LON1/LON2/DLON/H
   79   78   76   74   71   68   66   65   65   67   68   71   75   80   84   88
   90   91   91   92   93   96  102  111  126  142  157  174  191  208  226  244
  261  276  287  296  302  307  312  318  323  327  329  326  320  310  295  280
  263  246  227  209  190  168  150  129  111   93   79   65   56   46   40   35
   33   36   42   50   60   68   75   78   79
    57.5-180.0 180.0   5.0 450.0                            LAT/LON1/LON2/DLON/H
   70   69   69   68   67   66   66   66   66   66   67   67   69   72   74   78
   79   82   82   82   84   87   95  106  121  140  157  178  197  218  236  256
  273  286  297  304  308  311  316  321  326  331  333  332  325  314  299  282
  265  245  224  206  185  165  144  123  105   86   72   58   47   37   30   26
   22   20   24   33   43   52   61   67   70
    55.0-180.0 180.0   5.0 450.0                            LAT/LON1/LON2/DLON/H
   60   62   62   62   63   65   66   68   69   70   69   67   67   67   69   71
   74   76   76   76   79   83   92  105  122  142  161  184  207  230  251  273
  290  301  311  316  318  319  322  327  331  335  337  335  328  317  301  284
  267  246  226  207  188  170  149  131  114   95   81   68   57   46   35   31
   26   22   21   24   32   41   49   56   60
    52.5-180.0 180.0   5.0 450.0                            LAT/LON1/LON2/DLON/H
   55   56   57   58   60   63   66   70   73   75   74   72   70   68   69   70
   72   75   75   76   80   85   95  111  129  148  170  197  220  247  269  292
  309  321  328  331  332  332  334  336  338  341  342  339  333  321  306  289
  270  249  231  214  198  183  164  149  131  115  103   92   81   71   58   46
   36   31   27   23   29   37   44   51   55
    50.0-180.0 180.0   5.0 450.0                            LAT/LON1/LON2/DLON/H
   55   57   57   58   59   63   68   73   79   82   83   80   77   74   73   74
   76   78   80   82   86   93  103  121  141  161  185  211  238  263  288  309
  325  337  344  347  348  348  348  349  349  349  349  347  339  329  313  295
  276  258  239  224  211  198  183  169  153  138  127  118  110  101   89   75
   62   50   42   38   39   43   49   53   55
    47.5-180.0 180.0   5.0 450.0                            LAT/LON1/LON2/DLON/H
   64   63   63   63   63   67   72   77   84   90   93   91   87   83   80   81
   82   86   89   93   97  106  118  137  159  181  205  231  255  280  302  321
  335  347  355  361  365  366  365  362  361  359  357  354  349  339  324  305
  286  267  248  235  222  211  198  186  171  157  147  139  133  126  116  104
   90   77   66   59   57   58   61   63   64
    45.0-180.0 180.0   5.0 450.0                            LAT/LON1/LON2/DLON/H
   76   75   74   73   72   73   78   83   90   98  103  104   99   94   90   89
   91   96  100  106  111  122  136  157  178  203  226  251  271  291  309  324
  336  348  361  372  379  383  382  379  373  370  367  363  360  352  339  321
  299  276  257  242  228  217  205  192  177  163  154  146  141  138  131  123
  111  100   89   80   76   76   77   77   76
    42.5-180.0 180.0   5.0 450.0                            LAT/LON1/LON2/DLON/H
   90   89   88   85   82   82   85   89   95  105  113  114  112  106  100   98
  100  105  111  117  125  138  154  177  199  225  246  267  282  295  307  319
  329  343  360  377  390  398  397  395  390  384  379  376  374  370  356  336
  311  285  264  246  230  215  202  186  171  156  146  138  133  132  130  125
  119  111  103   96   92   90   90   90   90
    40.0-180.0 180.0   5.0 450.0                            LAT/LON1/LON2/DLON/H
   98   98   97   95   91   89   90   93   99  110  120  124  122  117  110  107
  108  113  120  127  136  151  171  196  219  244  262  277  288  294  300  308
  321  337  359  381  400  411  417  416  412  404  398  395  394  390  376  353
  326  300  274  251  230  213  196  179  162  146  134  126  121  119  119  117
  114  110  106  102   98   97   97   97   98
    37.5-180.0 180.0   5.0 450.0                            LAT/LON1/LON2/DLON/H
   99  100  100   98   95   94   93   94  100  113  125  132  132  127  119  115
  115  119  126  133  145  161  184  212  236  260  276  287  293  293  294  300
  314  335  362  389  415  431  442  444  442  438  424  420  419  415  400  376
  348  319  290  262  238  220  201  182  164  146  134  124  118  113  110  108
  106  105  104  101   98   96   96   96   99
    35.0-180.0 180.0   5.0 450.0                            LAT/LON1/LON2/DLON/H
   93   95   96   94   92   92   92   93   97  110  125  135  138  134  127  122
  121  124  129  136  148  167  192  223  249  271  286  295  297  294  294  301
  315  340  372  407  438  458  474  484  486  479  463  456  450  445  428  405
  379  348  316  289  266  245  227  209  190  174  160  149  139  129  118  111
  106  106  105  100   95   91   90   89   93
    32.5-180.0 180.0   5.0 450.0                            LAT/LON1/LON2/DLON/H
   86   86   88   88   87   87   88   88   92  102  120  134  140  137  132  127
  125  125  129  135  149  169  197  230  256  277  291  301  302  302  306  316
  333  364  401  441  474  504  524  539  539  527  510  498  490  483  468  449
  423  389  362  342  324  305  289  272  254  240  226  214  199  180  157  138
  126  121  117  110   98   90   85   82   86
    30.0-180.0 180.0   5.0 450.0                            LAT/LON1/LON2/DLON/H
   82   79   80   81   82   82   83   81   83   95  111  127  135  136  133  129
  126  124  127  132  147  169  199  233  259  279  294  306  313  321  333  350
  375  412  453  495  528  563  581  595  588  576  559  550  542  529  523  507
  479  453  437  428  418  401  392  375  357  347  333  321  300  269  231  196
  173  160  150  135  116  100   90   82   82
    27.5-180.0 180.0   5.0 450.0                            LAT/LON1/LON2/DLON/H
   84   77   76   76   77   78   76   75   77   86  103  118  127  131  131  128
  125  123  124  130  145  169  199  234  259  280  296  314  333  354  378  403
  439  481  524  564  598  630  639  645  639  624  609  598  591  588  588  577
  550  542  545  542  539  525  522  508  491  485  470  455  427  387  333  283
  248  219  202  179  152  129  108   91   84
    25.0-180.0 180.0   5.0 450.0                            LAT/LON1/LON2/DLON/H
  102   83   79   76   77   78   76   74   75   80   95  109  118  124  125  124
  123  120  121  128  145  170  201  235  261  283  302  327  362  399  438  475
  519  556  595  637  664  690  705  702  693  671  650  637  641  646  653  653
  646  644  654  664  668  659  661  649  634  625  609  592  560  514  453  395
  339  290  271  241  207  175  142  117  102
    22.5-180.0 180.0   5.0 450.0                            LAT/LON1/LON2/DLON/H
  130  100   89   85   83   82   82   79   76   79   90  101  109  114  117  117
  117  117  122  133  151  177  208  239  266  290  314  345  396  448  505  555
  604  638  670  709  734  747  764  754  731  717  685  676  686  697  712  726
  734  743  752  760  769  768  769  756  742  720  711  696  671  628  564  498
  426  373  352  315  276  232  188  153  130
    20.0-180.0 180.0   5.0 450.0                            LAT/LON1/LON2/DLON/H
  168  121  108  102   97   94   90   87   83   83   88   95  101  104  108  110
  111  116  126  139  161  188  217  246  273  301  331  371  425  492  567  630
  684  712  733  760  772  772  783  768  745  750  727  717  727  741  761  778
  796  803  805  810  813  814  807  790  764  738  728  720  710  676  619  554
  496  450  414  380  353  292  240  196  168
    17.5-180.0 180.0   5.0 450.0                            LAT/LON1/LON2/DLON/H
  208  150  133  124  115  108  101   96   91   89   88   91   93   96   99  103
  106  115  128  144  170  199  228  255  282  314  352  398  457  528  615  686
  735  755  764  771  765  764  765  751  740  765  759  752  756  772  789  807
  822  826  824  819  808  801  785  758  722  690  671  666  659  635  598  546
  511  479  446  420  389  341  290  237  208
    15.0-180.0 180.0   5.0 450.0                            LAT/LON1/LON2/DLON/H
  237  182  164  152  135  123  114  105   99   95   92   91   90   90   92   98
  103  113  127  147  177  208  237  264  291  327  371  423  486  557  636  708
  743  755  754  748  733  730  728  724  728  756  765  767  779  791  802  814
  823  824  817  798  775  756  733  693  649  607  578  567  559  547  529  497
  478  460  442  419  396  357  312  262  237
    12.5-180.0 180.0   5.0 450.0                            LAT/LON1/LON2/DLON/H
  255  213  201  181  157  139  128  118  108  102   98   94   92   90   91   95
  101  110  125  150  181  214  242  270  300  339  388  445  506  573  644  699
  728  733  726  713  706  703  706  711  721  745  758  771  788  797  806  811
  811  806  791  763  734  708  677  628  573  518  477  459  450  446  439  426
  423  414  405  389  373  343  315  274  255
    10.0-180.0 180.0   5.0 450.0                            LAT/LON1/LON2/DLON/H
  267  237  220  202  177  155  140  131  120  112  106  100   96   95   94   96
  102  111  125  153  186  219  246  276  310  353  405  463  518  576  632  675
  700  708  698  688  686  690  702  713  726  742  758  775  788  799  805  803
  795  783  762  732  699  669  632  580  515  450  400  372  360  360  359  358
  364  364  361  348  332  312  299  279  267
     7.5-180.0 180.0   5.0 450.0                            LAT/LON1/LON2/DLON/H
  261  245  233  215  194  170  155  141  130  122  114  109  105  102  102  101
  106  114  131  159  192  224  253  285  325  372  422  473  521  567  609  645
  672  685  682  681  685  699  719  735  750  759  770  781  792  799  802  797
  784  769  745  718  687  660  622  569  493  419  360  324  307  308  310  313
  322  326  328  317  301  285  277  269  261
     5.0-180.0 180.0   5.0 450.0                            LAT/LON1/LON2/DLON/H
  252  245  237  223  204  182  166  152  140  131  123  118  115  113  112  111
  113  121  138  167  201  234  265  301  346  392  438  480  517  551  585  617
  647  667  677  688  704  725  752  771  789  790  789  794  798  802  804  797
  782  768  747  722  703  679  648  594  516  432  363  318  295  295  297  299
  305  312  313  306  293  277  264  257  252
     2.5-180.0 180.0   5.0 450.0                            LAT/LON1/LON2/DLON/H
  248  243  236  225  211  192  176  162  150  140  132  126  123  122  122  122
  122  128  144  175  211  247  281  321  364  411  448  481  511  537  565  596
  632  661  685  707  731  762  793  814  828  826  814  807  804  806  806  799
  789  779  763  746  737  723  696  643  567  478  407  357  328  319  314  314
  319  323  322  312  303  286  267  255  248
